138.4 0.0156
138.89 0.009
141.73 0.0049
149.78 0.0033
158.99 0.0013
160.97 0.0035
161.78 0.0034
167.55 0.0012
168.39 0.0002
168.67 0.0007
168.83 0.0003
171.84 0.0001
136.29 0.004063139368472838
136.73 0.003505453572800095
136.86 0.013065781498618537
143.59 0.0043419822663092085
161.3 0.000956032792581844
164.58 7.966939938182034e-05
164.97 7.966939938182034e-05
166.63 0.0002788428978363712
168.68 3.983469969091017e-05
169.2 0.00015933879876364068
171.46 7.966939938182034e-05
174.0 7.966939938182034e-05
140.66 0.0011298159615729254
141.25 0.018157756525279158
141.38 0.012750780137751588
145.43 0.00036315513050558316
165.94 0.0008070114011235181
166.27 8.070114011235181e-05
169.22 0.0006052585508426385
169.29 4.035057005617591e-05
169.43 0.0010491148214605735
172.23 8.070114011235181e-05
174.18 4.035057005617591e-05
176.72 0.00012105171016852771
136.78 0.013169552655115581
141.3 0.002234261023926419
143.21 0.006435301118210601
143.51 0.004232508559409907
167.44 0.00014160809306575895
168.06 4.720269768858631e-05
169.58 1.5734232562862104e-05
172.46 0.0002360134884429316
173.61 4.720269768858631e-05
174.15 1.5734232562862104e-05
174.62 3.146846512572421e-05
175.45 4.720269768858631e-05
136.59 0.020053234368369727
137.21 0.03327013883843159
139.91 0.004420826667572418
142.49 0.0018685968388708158
164.06 9.11510653107715e-05
165.79 0.00013672659796615724
167.35 9.11510653107715e-05
167.49 0.00013672659796615724
167.49 0.00013672659796615724
167.97 0.00013672659796615724
169.64 0.0004101797938984717
173.9 9.11510653107715e-05
135.58 0.006552580203147664
136.59 0.019657740609442993
137.04 9.16444783657016e-05
139.79 0.009439381271667265
164.75 0.00027493343509710477
166.52 0.00027493343509710477
166.54 9.16444783657016e-05
167.82 9.16444783657016e-05
171.18 0.00013746671754855238
171.56 9.16444783657016e-05
171.76 0.000229111195914254
172.33 0.0001832889567314032
136.72 0.024975324488019014
137.19 0.014122669255084756
139.13 0.0020378348253981358
143.01 0.005592197892953024
163.23 0.0015165282421567524
164.6 0.00023695753783699257
167.76 0.00018956603026959405
169.13 0.0003317405529717896
169.76 0.00014217452270219553
170.18 4.739150756739851e-05
173.15 9.478301513479702e-05
174.38 0.0
136.52 0.008165507893315717
137.23 0.007010259188152079
138.34 0.006380123530790093
143.02 0.001023970443213225
166.5 0.00015753391434049612
167.06 0.00015753391434049612
168.22 2.6255652390082693e-05
169.32 0.0006038800049719019
169.42 2.6255652390082693e-05
170.88 0.00018378956673057882
171.13 2.6255652390082693e-05
175.2 0.00013127826195041345
140.98 0.0013783464640114288
142.51 0.006672449928055326
144.65 0.006735102040055845
148.19 0.00025060844800207796
168.03 4.698908400038961e-05
168.49 7.831514000064936e-05
172.78 7.831514000064936e-05
174.82 4.698908400038961e-05
174.9 3.1326056000259745e-05
174.95 1.5663028000129873e-05
176.46 0.0002819345040023377
176.82 0.0
141.0 0.0014557497994528328
143.01 0.00020218747214622679
144.42 0.00044481243872169894
149.01 0.0006874374052971711
165.38 4.043749442924536e-05
165.71 0.0007683123941556618
165.82 0.00024262496657547213
168.75 0.00024262496657547213
170.38 0.00012131248328773606
172.48 4.043749442924536e-05
173.2 0.00024262496657547213
173.97 4.043749442924536e-05
137.22 0.004933170179819733
137.81 0.007504716337385337
138.38 0.014327185735008371
139.13 0.0015219354810082151
163.72 5.2480533827869495e-05
166.89 0.0008921690750737813
167.87 0.0005248053382786949
168.2 5.2480533827869495e-05
168.24 0.00010496106765573899
169.16 5.2480533827869495e-05
170.01 5.2480533827869495e-05
171.2 0.00010496106765573899
138.65 0.005769987134590219
140.38 0.001429262868201247
142.45 0.0007410992649932392
143.31 0.000423485294281851
165.87 0.00010587132357046274
166.29 0.0006881636032080077
168.3 0.0005822922796375451
169.09 0.0007410992649932392
169.13 0.0001588069853556941
170.16 0.0004764209560670823
171.14 0.00026467830892615686
172.35 0.00010587132357046274
135.91 0.01707992215415697
136.06 0.009985185259353305
136.87 0.011088810998544986
137.39 0.029797894958175388
162.27 5.255360662817529e-05
165.9 0.00015766081988452584
166.8 0.00021021442651270115
167.37 0.00010510721325635058
167.48 0.0005255360662817529
167.72 0.00021021442651270115
169.71 0.0006831968861662787
171.62 0.00015766081988452584
135.12 0.011018487435616873
135.97 0.061891078361762865
136.15 0.006798641183678495
136.68 0.0012503248153891487
163.48 0.0007033077086563962
165.58 0.0001562906019236436
165.78 0.0001562906019236436
166.5 0.0004688718057709307
166.65 0.0001562906019236436
167.13 7.81453009618218e-05
167.76 0.0001562906019236436
167.84 0.0003125812038472872
136.41 0.007499413378316501
136.64 0.015155064535347932
143.31 0.010897585065366167
143.84 0.012616200631230366
156.46 0.00011717833403619533
163.92 0.00011717833403619533
165.28 3.9059444678731784e-05
167.29 0.00011717833403619533
168.19 0.00042965389146604964
169.07 0.00023435666807239067
172.88 0.00015623777871492714
175.82 0.00011717833403619533
136.99 0.0004957691988422708
137.25 0.0017076494626789328
137.81 0.02820375886747141
141.1 0.0024237605276733244
158.81 0.0003305127992281805
167.14 0.00016525639961409026
167.34 0.0004406837323042408
167.61 0.0004957691988422708
167.92 5.50854665380301e-05
170.37 0.0003305127992281805
170.42 0.0001101709330760602
175.8 0.00016525639961409026
137.81 0.020390925462467666
137.92 0.0011732873778007187
138.73 0.009548131764171366
139.11 0.010680960956530683
166.97 0.0002832072980898287
167.7 0.00012137455632421229
167.97 0.0002022909272070205
168.18 0.00012137455632421229
168.4 0.0
169.0 0.00012137455632421229
171.65 8.09163708828082e-05
177.07 0.0002022909272070205
136.93 0.014876201287298338
137.32 0.0012061784827539191
137.97 0.0008041189885026128
140.35 0.0013066933563167457
165.89 0.0
166.14 0.0001507723103442399
166.2 0.0002010297471256532
167.98 0.0008041189885026128
168.23 0.0004523169310327197
168.8 0.0002010297471256532
169.1 0.0001005148735628266
176.9 0.0001005148735628266
135.28 0.01672742889867978
135.49 0.023171068824630353
137.09 0.028378050582974254
138.11 0.022975807008692454
159.66 0.0007159599917722862
164.85 6.508727197929875e-05
166.39 0.000260349087917195
166.53 0.0001301745439585975
167.84 0.0007159599917722862
168.25 0.000260349087917195
168.45 0.00019526181593789623
169.4 0.00052069817583439
137.73 0.002293175129178923
139.43 0.01020961448817051
140.7 0.006241424482026113
140.97 0.010767952780492335
162.57 7.976261318883211e-05
165.78 5.9821959891624074e-05
166.49 0.0002392878395664963
170.44 0.00017946587967487224
172.52 0.0001395845730804562
173.48 3.9881306594416054e-05
174.24 3.9881306594416054e-05
174.49 0.0
136.77 0.016881797771612722
137.19 0.010000361143301377
138.19 0.005792288384981492
139.05 0.015842156266616045
159.24 0.000346547168332226
165.31 4.950673833317514e-05
165.43 0.0
166.26 0.0001485202149995254
166.57 0.0001485202149995254
167.26 9.901347666635028e-05
167.37 0.0012376684583293785
168.27 4.950673833317514e-05
142.3 0.0018031244562166364
143.41 0.002077512960423516
145.76 0.0019991162449358364
146.62 0.004037430847615512
163.61 0.0003527852196945593
164.84 3.919835774383992e-05
165.82 0.0002351901464630395
167.66 0.0
167.82 0.0002351901464630395
171.55 0.0001959917887191996
171.96 0.00011759507323151975
174.07 3.919835774383992e-05
136.7 0.002727975474437404
137.22 0.008021062215883112
139.3 0.013965605787045216
143.72 0.013599161320329746
165.67 0.0003257284148581975
166.16 4.071605185727469e-05
166.63 0.0005293086741445709
166.86 8.143210371454938e-05
167.49 4.071605185727469e-05
168.8 0.0002850123630009228
172.62 4.071605185727469e-05
173.37 4.071605185727469e-05
138.35 0.004579862261536921
138.7 0.0011449655653842303
140.52 0.004961517449998331
148.26 0.00038165518846141006
159.71 0.0005343172638459741
161.98 0.0015266207538456402
165.95 0.0013739586784610762
166.69 0.00022899311307684602
168.12 0.0008396414146151021
170.26 0.0008396414146151021
172.51 0.0
174.37 0.00015266207538456404
137.63 0.008946830471853615
137.85 0.009333024592940822
139.27 0.007015859866417583
150.41 0.0010298509895658838
159.18 0.0
164.87 0.0004505598079350741
165.83 0.0003218284342393387
166.09 0.0005792911816308096
166.46 0.00012873137369573547
167.25 0.00019309706054360318
167.83 6.436568684786774e-05
173.38 0.00012873137369573547
140.2 0.00787944351829015
141.46 0.004529882508490694
141.52 0.007592338288878769
143.94 0.0007656139450970185
160.28 0.00012760232418283643
165.44 6.380116209141822e-05
165.82 3.190058104570911e-05
171.66 6.380116209141822e-05
172.07 0.00022330406731996375
172.22 0.00015950290522854556
172.8 9.570174313712731e-05
177.51 3.190058104570911e-05
136.21 0.02118358110413765
137.08 0.0016570665979980825
138.52 0.00362763228210391
139.3 0.009315401415773004
157.06 0.0003134990861077453
166.5 4.47855837296779e-05
166.67 0.00022392791864838952
167.21 8.95711674593558e-05
169.83 0.0001343567511890337
171.17 0.0001343567511890337
172.4 4.47855837296779e-05
172.54 8.95711674593558e-05
138.53 0.001823584383352301
138.74 0.0031579144199515453
139.85 0.003958512441911092
140.3 0.007650158876502335
165.09 0.0004002990109797733
165.52 4.447766788664148e-05
168.51 0.00026686600731984887
169.77 0.00017791067154656592
169.94 0.00017791067154656592
171.83 0.0009785086935061127
172.81 0.0009785086935061127
175.64 0.00017791067154656592
138.15 0.005761403816918101
138.93 0.0018004386927869065
141.02 0.029023071727724933
147.06 0.004321052862688576
158.66 0.0003600877385573813
161.29 0.0015123685019410014
166.06 0.00014403509542295254
166.69 0.0024485966221901925
167.0 0.00014403509542295254
171.89 0.00021605264313442877
173.55 0.0
174.28 0.00021605264313442877
136.84 0.006504249686792561
137.51 0.008900552202979296
138.93 0.0030320562449709684
143.49 0.0014182198565186788
166.14 0.0001222603324585068
166.78 0.00031787686439211765
167.51 2.445206649170136e-05
169.69 7.335619947510407e-05
170.43 0.0002445206649170136
173.63 0.000268972731408715
175.22 7.335619947510407e-05
175.43 4.890413298340272e-05
138.11 0.0024074258662786664
138.25 0.003360365271680639
139.72 0.005216089376937111
141.92 0.009278620526282361
161.48 0.00035108293883230553
162.56 0.00010030941109494445
164.96 0.00035108293883230553
167.29 0.0003009282332848333
168.15 0.0006520111721171389
170.7 0.0003009282332848333
172.51 0.0005015470554747222
172.67 0.0
137.11 0.003102582180675375
137.42 0.002926549149147694
140.76 0.002266425280918891
144.67 0.0006601238682288032
165.34 0.0005060949656420824
165.58 6.60123868228803e-05
166.13 4.4008257881920214e-05
167.03 4.4008257881920214e-05
168.38 2.2004128940960107e-05
168.55 2.2004128940960107e-05
175.03 0.00011002064470480053
176.47 0.0001320247736457606
140.9 0.014798125124572634
141.83 0.0005102801767094011
145.72 0.00033018129081196547
148.49 0.004982735843162388
160.95 6.003296196581191e-05
164.81 0.00024013184786324764
165.3 0.0
165.91 3.0016480982905955e-05
166.3 0.00021011536688034168
169.94 0.00015008240491452975
171.13 3.0016480982905955e-05
176.08 0.00015008240491452975
138.1 0.001184961837198524
138.28 0.010199135813030153
139.95 0.0012272819028127568
140.96 0.008125452597932735
166.57 0.00025392039368539796
166.78 0.0
167.66 0.000169280262456932
168.14 4.2320065614233e-05
171.27 0.00042320065614233
173.92 0.0
175.24 0.000211600328071165
175.4 8.4640131228466e-05
137.03 0.005490002378136821
138.56 0.005040642752880071
138.72 0.004532671002589831
139.91 0.0037511760021433083
167.38 1.9537375011163066e-05
167.41 5.861212503348919e-05
169.39 0.00015629900008930453
169.54 7.814950004465226e-05
170.43 9.768687505581534e-05
171.8 7.814950004465226e-05
174.17 9.768687505581534e-05
178.11 1.9537375011163066e-05
137.49 0.06838630264231406
138.18 0.0192281349647779
138.26 0.008702642124731283
139.47 0.0005880163597791407
167.04 0.00011760327195582814
167.59 0.0
168.45 0.0018816523512932503
168.52 0.0001764049079337422
168.88 0.0001764049079337422
168.91 0.0006468179957570548
171.53 5.880163597791407e-05
175.21 0.00023520654391165629
135.24 0.011605424097089784
136.36 0.01498713707902323
136.77 0.011989709663218584
138.56 0.030435416837401023
158.72 0.0013065709248379226
159.19 0.0011528566983864024
166.45 0.00023057133967728044
166.75 0.00015371422645152032
167.07 0.0003842855661288008
167.56 0.0006917140190318414
169.1 0.0006148569058060813
174.76 0.0003842855661288008
135.95 0.01679587657686982
136.86 0.01621836792666226
139.5 0.0058232122229262126
140.43 0.018143396760687457
162.25 0.0002406286042531493
162.76 0.00014437716255188957
163.91 9.625144170125973e-05
164.13 9.625144170125973e-05
164.49 0.00014437716255188957
167.04 0.0002406286042531493
174.26 0.0
174.58 9.625144170125973e-05
136.74 0.02485353893999149
136.89 0.0058630752098792985
138.23 0.007043065189226074
138.59 0.0051624561596421495
165.39 0.0
165.88 0.0001843734342729339
167.23 0.0
167.54 0.00033187218169128104
170.42 3.687468685458678e-05
170.62 0.0008849924845100827
171.05 0.00044249624225504134
171.86 0.00011062406056376034
135.86 0.008714240745817966
136.29 0.04915137543474519
138.34 0.00909644428730121
139.29 0.005580171705655364
160.85 0.0003057628331865953
166.28 7.644070829664882e-05
167.02 0.0006879663746698393
167.76 0.00015288141659329765
168.77 0.00022932212488994643
168.97 7.644070829664882e-05
169.69 0.0014523734576363276
176.17 0.00022932212488994643
