100.0000 0.00000000
100.0500 0.00000000
100.1000 0.00000000
100.1500 0.00000000
100.2000 0.00000000
100.2500 0.00000000
100.3000 0.00000000
100.3500 0.00000000
100.4000 0.00000000
100.4500 0.00000000
100.5000 0.00000000
100.5500 0.00000000
100.6000 0.00000000
100.6500 0.00000000
100.7000 0.00000000
100.7500 0.00000000
100.8000 0.00000000
100.8500 0.00000000
100.9000 0.00000000
100.9500 0.00000000
101.0000 0.00000000
101.0500 0.00000000
101.1000 0.00000000
101.1500 0.00000000
101.2000 0.00000000
101.2500 0.00000000
101.3000 0.00000000
101.3500 0.00000000
101.4000 0.00000000
101.4500 0.00000000
101.5000 0.00000000
101.5500 0.00000000
101.6000 0.00000000
101.6500 0.00000000
101.7000 0.00000000
101.7500 0.00000000
101.8000 0.00000000
101.8500 0.00000000
101.9000 0.00000000
101.9500 0.00000000
102.0000 0.00000000
102.0500 0.00000000
102.1000 0.00000000
102.1500 0.00000000
102.2000 0.00000000
102.2500 0.00000000
102.3000 0.00000000
102.3500 0.00000000
102.4000 0.00000000
102.4500 0.00000000
102.5000 0.00000000
102.5500 0.00000000
102.6000 0.00000000
102.6500 0.00000000
102.7000 0.00000000
102.7500 0.00000000
102.8000 0.00000000
102.8500 0.00000000
102.9000 0.00000000
102.9500 0.00000000
103.0000 0.00000000
103.0500 0.00000000
103.1000 0.00000000
103.1500 0.00000000
103.2000 0.00000000
103.2500 0.00000000
103.3000 0.00000000
103.3500 0.00000000
103.4000 0.00000000
103.4500 0.00000000
103.5000 0.00000000
103.5500 0.00000000
103.6000 0.00000000
103.6500 0.00000000
103.7000 0.00000000
103.7500 0.00000000
103.8000 0.00000000
103.8500 0.00000000
103.9000 0.00000000
103.9500 0.00000000
104.0000 0.00000000
104.0500 0.00000000
104.1000 0.00000000
104.1500 0.00000000
104.2000 0.00000000
104.2500 0.00000000
104.3000 0.00000000
104.3500 0.00000000
104.4000 0.00000000
104.4500 0.00000000
104.5000 0.00000000
104.5500 0.00000000
104.6000 0.00000000
104.6500 0.00000000
104.7000 0.00000000
104.7500 0.00000000
104.8000 0.00000000
104.8500 0.00000000
104.9000 0.00000000
104.9500 0.00000000
105.0000 0.00000000
105.0500 0.00000000
105.1000 0.00000000
105.1500 0.00000000
105.2000 0.00000000
105.2500 0.00000000
105.3000 0.00000000
105.3500 0.00000000
105.4000 0.00000000
105.4500 0.00000000
105.5000 0.00000000
105.5500 0.00000000
105.6000 0.00000000
105.6500 0.00000000
105.7000 0.00000000
105.7500 0.00000000
105.8000 0.00000000
105.8500 0.00000000
105.9000 0.00000000
105.9500 0.00000000
106.0000 0.00000000
106.0500 0.00000000
106.1000 0.00000000
106.1500 0.00000000
106.2000 0.00000000
106.2500 0.00000000
106.3000 0.00000000
106.3500 0.00000000
106.4000 0.00000000
106.4500 0.00000000
106.5000 0.00000000
106.5500 0.00000000
106.6000 0.00000000
106.6500 0.00000000
106.7000 0.00000000
106.7500 0.00000000
106.8000 0.00000000
106.8500 0.00000000
106.9000 0.00000000
106.9500 0.00000000
107.0000 0.00000000
107.0500 0.00000000
107.1000 0.00000000
107.1500 0.00000000
107.2000 0.00000000
107.2500 0.00000000
107.3000 0.00000000
107.3500 0.00000000
107.4000 0.00000000
107.4500 0.00000000
107.5000 0.00000000
107.5500 0.00000000
107.6000 0.00000000
107.6500 0.00000000
107.7000 0.00000000
107.7500 0.00000000
107.8000 0.00000000
107.8500 0.00000000
107.9000 0.00000000
107.9500 0.00000000
108.0000 0.00000000
108.0500 0.00000000
108.1000 0.00000000
108.1500 0.00000000
108.2000 0.00000000
108.2500 0.00000000
108.3000 0.00000000
108.3500 0.00000000
108.4000 0.00000000
108.4500 0.00000000
108.5000 0.00000000
108.5500 0.00000000
108.6000 0.00000000
108.6500 0.00000000
108.7000 0.00000000
108.7500 0.00000000
108.8000 0.00000000
108.8500 0.00000000
108.9000 0.00000000
108.9500 0.00000000
109.0000 0.00000000
109.0500 0.00000000
109.1000 0.00000000
109.1500 0.00000000
109.2000 0.00000000
109.2500 0.00000000
109.3000 0.00000000
109.3500 0.00000000
109.4000 0.00000000
109.4500 0.00000000
109.5000 0.00000000
109.5500 0.00000000
109.6000 0.00000000
109.6500 0.00000000
109.7000 0.00000000
109.7500 0.00000000
109.8000 0.00000000
109.8500 0.00000000
109.9000 0.00000000
109.9500 0.00000000
110.0000 0.00000000
110.0500 0.00000000
110.1000 0.00000000
110.1500 0.00000000
110.2000 0.00000000
110.2500 0.00000000
110.3000 0.00000000
110.3500 0.00000000
110.4000 0.00000000
110.4500 0.00000000
110.5000 0.00000000
110.5500 0.00000000
110.6000 0.00000000
110.6500 0.00000000
110.7000 0.00000000
110.7500 0.00000000
110.8000 0.00000000
110.8500 0.00000000
110.9000 0.00000000
110.9500 0.00000000
111.0000 0.00000000
111.0500 0.00000000
111.1000 0.00000000
111.1500 0.00000000
111.2000 0.00000000
111.2500 0.00000000
111.3000 0.00000000
111.3500 0.00000000
111.4000 0.00000000
111.4500 0.00000000
111.5000 0.00000000
111.5500 0.00000000
111.6000 0.00000000
111.6500 0.00000000
111.7000 0.00000000
111.7500 0.00000000
111.8000 0.00000000
111.8500 0.00000000
111.9000 0.00000000
111.9500 0.00000000
112.0000 0.00000000
112.0500 0.00000000
112.1000 0.00000000
112.1500 0.00000000
112.2000 0.00000000
112.2500 0.00000000
112.3000 0.00000000
112.3500 0.00000000
112.4000 0.00000000
112.4500 0.00000000
112.5000 0.00000000
112.5500 0.00000000
112.6000 0.00000000
112.6500 0.00000000
112.7000 0.00000000
112.7500 0.00000000
112.8000 0.00000000
112.8500 0.00000000
112.9000 0.00000000
112.9500 0.00000000
113.0000 0.00000000
113.0500 0.00000000
113.1000 0.00000000
113.1500 0.00000000
113.2000 0.00000000
113.2500 0.00000000
113.3000 0.00000000
113.3500 0.00000000
113.4000 0.00000000
113.4500 0.00000000
113.5000 0.00000000
113.5500 0.00000000
113.6000 0.00000000
113.6500 0.00000000
113.7000 0.00000000
113.7500 0.00000000
113.8000 0.00000000
113.8500 0.00000000
113.9000 0.00000000
113.9500 0.00000000
114.0000 0.00000000
114.0500 0.00000000
114.1000 0.00000000
114.1500 0.00000000
114.2000 0.00000000
114.2500 0.00000000
114.3000 0.00000000
114.3500 0.00000000
114.4000 0.00000000
114.4500 0.00000000
114.5000 0.00000000
114.5500 0.00000000
114.6000 0.00000000
114.6500 0.00000000
114.7000 0.00000000
114.7500 0.00000000
114.8000 0.00000000
114.8500 0.00000000
114.9000 0.00000000
114.9500 0.00000000
115.0000 0.00000000
115.0500 0.00000000
115.1000 0.00000000
115.1500 0.00000000
115.2000 0.00000000
115.2500 0.00000000
115.3000 0.00000000
115.3500 0.00000000
115.4000 0.00000000
115.4500 0.00000000
115.5000 0.00000000
115.5500 0.00000000
115.6000 0.00000000
115.6500 0.00000000
115.7000 0.00000000
115.7500 0.00000000
115.8000 0.00000000
115.8500 0.00000000
115.9000 0.00000000
115.9500 0.00000000
116.0000 0.00000000
116.0500 0.00000000
116.1000 0.00000000
116.1500 0.00000000
116.2000 0.00000000
116.2500 0.00000000
116.3000 0.00000000
116.3500 0.00000000
116.4000 0.00000000
116.4500 0.00000000
116.5000 0.00000000
116.5500 0.00000000
116.6000 0.00000000
116.6500 0.00000000
116.7000 0.00000000
116.7500 0.00000000
116.8000 0.00000000
116.8500 0.00000000
116.9000 0.00000000
116.9500 0.00000000
117.0000 0.00000000
117.0500 0.00000000
117.1000 0.00000000
117.1500 0.00000000
117.2000 0.00000000
117.2500 0.00000000
117.3000 0.00000000
117.3500 0.00000000
117.4000 0.00000000
117.4500 0.00000000
117.5000 0.00000000
117.5500 0.00000000
117.6000 0.00000000
117.6500 0.00000000
117.7000 0.00000000
117.7500 0.00000000
117.8000 0.00000000
117.8500 0.00000000
117.9000 0.00000000
117.9500 0.00000000
118.0000 0.00000000
118.0500 0.00000000
118.1000 0.00000000
118.1500 0.00000000
118.2000 0.00000000
118.2500 0.00000000
118.3000 0.00000000
118.3500 0.00000000
118.4000 0.00000000
118.4500 0.00000000
118.5000 0.00000000
118.5500 0.00000000
118.6000 0.00000000
118.6500 0.00000000
118.7000 0.00000000
118.7500 0.00000000
118.8000 0.00000000
118.8500 0.00000000
118.9000 0.00000000
118.9500 0.00000000
119.0000 0.00000000
119.0500 0.00000000
119.1000 0.00000000
119.1500 0.00000000
119.2000 0.00000000
119.2500 0.00000000
119.3000 0.00000000
119.3500 0.00000000
119.4000 0.00000000
119.4500 0.00000000
119.5000 0.00000000
119.5500 0.00000000
119.6000 0.00000000
119.6500 0.00000000
119.7000 0.00000000
119.7500 0.00000000
119.8000 0.00000000
119.8500 0.00000000
119.9000 0.00000000
119.9500 0.00000000
120.0000 0.00000000
120.0500 0.00000000
120.1000 0.00000000
120.1500 0.00000000
120.2000 0.00000000
120.2500 0.00000000
120.3000 0.00000000
120.3500 0.00000000
120.4000 0.00000000
120.4500 0.00000000
120.5000 0.00000000
120.5500 0.00000000
120.6000 0.00000000
120.6500 0.00000000
120.7000 0.00000000
120.7500 0.00000000
120.8000 0.00000000
120.8500 0.00000000
120.9000 0.00000000
120.9500 0.00000000
121.0000 0.00000000
121.0500 0.00000000
121.1000 0.00000000
121.1500 0.00000000
121.2000 0.00000000
121.2500 0.00000000
121.3000 0.00000000
121.3500 0.00000000
121.4000 0.00000000
121.4500 0.00000000
121.5000 0.00000000
121.5500 0.00000000
121.6000 0.00000000
121.6500 0.00000000
121.7000 0.00000000
121.7500 0.00000000
121.8000 0.00000000
121.8500 0.00000000
121.9000 0.00000000
121.9500 0.00000000
122.0000 0.00000000
122.0500 0.00000000
122.1000 0.00000000
122.1500 0.00000000
122.2000 0.00000000
122.2500 0.00000000
122.3000 0.00000001
122.3500 0.00000001
122.4000 0.00000001
122.4500 0.00000001
122.5000 0.00000001
122.5500 0.00000001
122.6000 0.00000002
122.6500 0.00000002
122.7000 0.00000002
122.7500 0.00000002
122.8000 0.00000003
122.8500 0.00000003
122.9000 0.00000004
122.9500 0.00000005
123.0000 0.00000005
123.0500 0.00000006
123.1000 0.00000007
123.1500 0.00000009
123.2000 0.00000010
123.2500 0.00000012
123.3000 0.00000013
123.3500 0.00000016
123.4000 0.00000018
123.4500 0.00000021
123.5000 0.00000024
123.5500 0.00000028
123.6000 0.00000032
123.6500 0.00000037
123.7000 0.00000043
123.7500 0.00000050
123.8000 0.00000057
123.8500 0.00000066
123.9000 0.00000076
123.9500 0.00000087
124.0000 0.00000100
124.0500 0.00000114
124.1000 0.00000131
124.1500 0.00000150
124.2000 0.00000171
124.2500 0.00000195
124.3000 0.00000223
124.3500 0.00000254
124.4000 0.00000289
124.4500 0.00000328
124.5000 0.00000373
124.5500 0.00000424
124.6000 0.00000481
124.6500 0.00000545
124.7000 0.00000617
124.7500 0.00000698
124.8000 0.00000788
124.8500 0.00000890
124.9000 0.00001004
124.9500 0.00001132
125.0000 0.00001274
125.0500 0.00001434
125.1000 0.00001611
125.1500 0.00001809
125.2000 0.00002030
125.2500 0.00002275
125.3000 0.00002548
125.3500 0.00002851
125.4000 0.00003187
125.4500 0.00003559
125.5000 0.00003971
125.5500 0.00004426
125.6000 0.00004930
125.6500 0.00005485
125.7000 0.00006098
125.7500 0.00006773
125.8000 0.00007516
125.8500 0.00008333
125.9000 0.00009230
125.9500 0.00010214
126.0000 0.00011293
126.0500 0.00012475
126.1000 0.00013768
126.1500 0.00015181
126.2000 0.00016724
126.2500 0.00018407
126.3000 0.00020241
126.3500 0.00022238
126.4000 0.00024409
126.4500 0.00026768
126.5000 0.00029329
126.5500 0.00032105
126.6000 0.00035113
126.6500 0.00038367
126.7000 0.00041885
126.7500 0.00045684
126.8000 0.00049783
126.8500 0.00054200
126.9000 0.00058956
126.9500 0.00064072
127.0000 0.00069568
127.0500 0.00075468
127.1000 0.00081794
127.1500 0.00088571
127.2000 0.00095823
127.2500 0.00103574
127.3000 0.00111852
127.3500 0.00120683
127.4000 0.00130093
127.4500 0.00140111
127.5000 0.00150765
127.5500 0.00162083
127.6000 0.00174093
127.6500 0.00186825
127.7000 0.00200308
127.7500 0.00214571
127.8000 0.00229643
127.8500 0.00245552
127.9000 0.00262328
127.9500 0.00279998
128.0000 0.00298590
128.0500 0.00318131
128.1000 0.00338646
128.1500 0.00360161
128.2000 0.00382699
128.2500 0.00406282
128.3000 0.00430933
128.3500 0.00456669
128.4000 0.00483508
128.4500 0.00511466
128.5000 0.00540555
128.5500 0.00570788
128.6000 0.00602172
128.6500 0.00634712
128.7000 0.00668412
128.7500 0.00703272
128.8000 0.00739288
128.8500 0.00776452
128.9000 0.00814756
128.9500 0.00854185
129.0000 0.00894722
129.0500 0.00936345
129.1000 0.00979029
129.1500 0.01022744
129.2000 0.01067456
129.2500 0.01113129
129.3000 0.01159719
129.3500 0.01207181
129.4000 0.01255463
129.4500 0.01304512
129.5000 0.01354268
129.5500 0.01404668
129.6000 0.01455644
129.6500 0.01507125
129.7000 0.01559036
129.7500 0.01611298
129.8000 0.01663828
129.8500 0.01716540
129.9000 0.01769344
129.9500 0.01822149
130.0000 0.01874859
130.0500 0.01927377
130.1000 0.01979602
130.1500 0.02031433
130.2000 0.02082767
130.2500 0.02133499
130.3000 0.02183524
130.3500 0.02232735
130.4000 0.02281026
130.4500 0.02328291
130.5000 0.02374424
130.5500 0.02419321
130.6000 0.02462878
130.6500 0.02504994
130.7000 0.02545570
130.7500 0.02584509
130.8000 0.02621716
130.8500 0.02657103
130.9000 0.02690581
130.9500 0.02722068
131.0000 0.02751486
131.0500 0.02778761
131.1000 0.02803826
131.1500 0.02826616
131.2000 0.02847076
131.2500 0.02865153
131.3000 0.02880802
131.3500 0.02893986
131.4000 0.02904671
131.4500 0.02912833
131.5000 0.02918453
131.5500 0.02921521
131.6000 0.02922030
131.6500 0.02919986
131.7000 0.02915397
131.7500 0.02908280
131.8000 0.02898662
131.8500 0.02886572
131.9000 0.02872049
131.9500 0.02855139
132.0000 0.02835893
132.0500 0.02814370
132.1000 0.02790635
132.1500 0.02764760
132.2000 0.02736820
132.2500 0.02706898
132.3000 0.02675083
132.3500 0.02641466
132.4000 0.02606147
132.4500 0.02569227
132.5000 0.02530812
132.5500 0.02491012
132.6000 0.02449941
132.6500 0.02407714
132.7000 0.02364452
132.7500 0.02320276
132.8000 0.02275309
132.8500 0.02229676
132.9000 0.02183504
132.9500 0.02136920
133.0000 0.02090053
133.0500 0.02043030
133.1000 0.01995979
133.1500 0.01949029
133.2000 0.01902307
133.2500 0.01855939
133.3000 0.01810049
133.3500 0.01764762
133.4000 0.01720199
133.4500 0.01676480
133.5000 0.01633722
133.5500 0.01592040
133.6000 0.01551547
133.6500 0.01512353
133.7000 0.01474563
133.7500 0.01438281
133.8000 0.01403607
133.8500 0.01370638
133.9000 0.01339466
133.9500 0.01310181
134.0000 0.01282867
134.0500 0.01257605
134.1000 0.01234473
134.1500 0.01213543
134.2000 0.01194883
134.2500 0.01178557
134.3000 0.01164624
134.3500 0.01153139
134.4000 0.01144151
134.4500 0.01137706
134.5000 0.01133842
134.5500 0.01132594
134.6000 0.01133993
134.6500 0.01138061
134.7000 0.01144817
134.7500 0.01154275
134.8000 0.01166442
134.8500 0.01181320
134.9000 0.01198904
134.9500 0.01219184
135.0000 0.01242144
135.0500 0.01267761
135.1000 0.01296006
135.1500 0.01326845
135.2000 0.01360236
135.2500 0.01396131
135.3000 0.01434474
135.3500 0.01475206
135.4000 0.01518258
135.4500 0.01563556
135.5000 0.01611019
135.5500 0.01660558
135.6000 0.01712080
135.6500 0.01765484
135.7000 0.01820664
135.7500 0.01877504
135.8000 0.01935887
135.8500 0.01995686
135.9000 0.02056770
135.9500 0.02119003
136.0000 0.02182243
136.0500 0.02246343
136.1000 0.02311150
136.1500 0.02376511
136.2000 0.02442263
136.2500 0.02508246
136.3000 0.02574291
136.3500 0.02640232
136.4000 0.02705895
136.4500 0.02771110
136.5000 0.02835703
136.5500 0.02899499
136.6000 0.02962325
136.6500 0.03024008
136.7000 0.03084376
136.7500 0.03143259
136.8000 0.03200490
136.8500 0.03255904
136.9000 0.03309342
136.9500 0.03360646
137.0000 0.03409666
137.0500 0.03456256
137.1000 0.03500277
137.1500 0.03541597
137.2000 0.03580089
137.2500 0.03615637
137.3000 0.03648130
137.3500 0.03677469
137.4000 0.03703561
137.4500 0.03726324
137.5000 0.03745687
137.5500 0.03761586
137.6000 0.03773971
137.6500 0.03782799
137.7000 0.03788041
137.7500 0.03789676
137.8000 0.03787697
137.8500 0.03782104
137.9000 0.03772911
137.9500 0.03760142
138.0000 0.03743831
138.0500 0.03724022
138.1000 0.03700771
138.1500 0.03674142
138.2000 0.03644209
138.2500 0.03611057
138.3000 0.03574777
138.3500 0.03535470
138.4000 0.03493244
138.4500 0.03448215
138.5000 0.03400505
138.5500 0.03350244
138.6000 0.03297565
138.6500 0.03242607
138.7000 0.03185515
138.7500 0.03126435
138.8000 0.03065518
138.8500 0.03002918
138.9000 0.02938788
138.9500 0.02873285
139.0000 0.02806566
139.0500 0.02738786
139.1000 0.02670102
139.1500 0.02600668
139.2000 0.02530637
139.2500 0.02460159
139.3000 0.02389383
139.3500 0.02318452
139.4000 0.02247507
139.4500 0.02176683
139.5000 0.02106114
139.5500 0.02035925
139.6000 0.01966238
139.6500 0.01897168
139.7000 0.01828826
139.7500 0.01761316
139.8000 0.01694735
139.8500 0.01629175
139.9000 0.01564720
139.9500 0.01501450
140.0000 0.01439435
140.0500 0.01378742
140.1000 0.01319429
140.1500 0.01261548
140.2000 0.01205145
140.2500 0.01150260
140.3000 0.01096925
140.3500 0.01045168
140.4000 0.00995011
140.4500 0.00946470
140.5000 0.00899554
140.5500 0.00854270
140.6000 0.00810617
140.6500 0.00768591
140.7000 0.00728183
140.7500 0.00689381
140.8000 0.00652167
140.8500 0.00616521
140.9000 0.00582419
140.9500 0.00549834
141.0000 0.00518736
141.0500 0.00489094
141.1000 0.00460873
141.1500 0.00434036
141.2000 0.00408546
141.2500 0.00384363
141.3000 0.00361445
141.3500 0.00339752
141.4000 0.00319241
141.4500 0.00299868
141.5000 0.00281591
141.5500 0.00264365
141.6000 0.00248147
141.6500 0.00232893
141.7000 0.00218561
141.7500 0.00205107
141.8000 0.00192490
141.8500 0.00180668
141.9000 0.00169601
141.9500 0.00159249
142.0000 0.00149574
142.0500 0.00140538
142.1000 0.00132104
142.1500 0.00124237
142.2000 0.00116904
142.2500 0.00110071
142.3000 0.00103707
142.3500 0.00097782
142.4000 0.00092268
142.4500 0.00087135
142.5000 0.00082359
142.5500 0.00077915
142.6000 0.00073778
142.6500 0.00069927
142.7000 0.00066340
142.7500 0.00062998
142.8000 0.00059881
142.8500 0.00056973
142.9000 0.00054256
142.9500 0.00051717
143.0000 0.00049339
143.0500 0.00047111
143.1000 0.00045019
143.1500 0.00043052
143.2000 0.00041201
143.2500 0.00039454
143.3000 0.00037804
143.3500 0.00036242
143.4000 0.00034761
143.4500 0.00033353
143.5000 0.00032013
143.5500 0.00030735
143.6000 0.00029514
143.6500 0.00028346
143.7000 0.00027225
143.7500 0.00026149
143.8000 0.00025115
143.8500 0.00024119
143.9000 0.00023158
143.9500 0.00022231
144.0000 0.00021336
144.0500 0.00020470
144.1000 0.00019632
144.1500 0.00018821
144.2000 0.00018035
144.2500 0.00017273
144.3000 0.00016535
144.3500 0.00015820
144.4000 0.00015127
144.4500 0.00014455
144.5000 0.00013804
144.5500 0.00013174
144.6000 0.00012563
144.6500 0.00011972
144.7000 0.00011401
144.7500 0.00010849
144.8000 0.00010315
144.8500 0.00009800
144.9000 0.00009303
144.9500 0.00008823
145.0000 0.00008362
145.0500 0.00007918
145.1000 0.00007491
145.1500 0.00007081
145.2000 0.00006688
145.2500 0.00006310
145.3000 0.00005949
145.3500 0.00005603
145.4000 0.00005273
145.4500 0.00004958
145.5000 0.00004657
145.5500 0.00004370
145.6000 0.00004097
145.6500 0.00003838
145.7000 0.00003591
145.7500 0.00003358
145.8000 0.00003136
145.8500 0.00002926
145.9000 0.00002728
145.9500 0.00002541
146.0000 0.00002364
146.0500 0.00002198
146.1000 0.00002041
146.1500 0.00001894
146.2000 0.00001755
146.2500 0.00001625
146.3000 0.00001503
146.3500 0.00001390
146.4000 0.00001283
146.4500 0.00001183
146.5000 0.00001090
146.5500 0.00001004
146.6000 0.00000923
146.6500 0.00000848
146.7000 0.00000779
146.7500 0.00000714
146.8000 0.00000654
146.8500 0.00000599
146.9000 0.00000547
146.9500 0.00000500
147.0000 0.00000456
147.0500 0.00000416
147.1000 0.00000379
147.1500 0.00000345
147.2000 0.00000313
147.2500 0.00000284
147.3000 0.00000258
147.3500 0.00000234
147.4000 0.00000212
147.4500 0.00000191
147.5000 0.00000173
147.5500 0.00000156
147.6000 0.00000141
147.6500 0.00000127
147.7000 0.00000114
147.7500 0.00000103
147.8000 0.00000092
147.8500 0.00000083
147.9000 0.00000074
147.9500 0.00000066
148.0000 0.00000059
148.0500 0.00000053
148.1000 0.00000047
148.1500 0.00000042
148.2000 0.00000038
148.2500 0.00000034
148.3000 0.00000030
148.3500 0.00000027
148.4000 0.00000024
148.4500 0.00000021
148.5000 0.00000019
148.5500 0.00000016
148.6000 0.00000014
148.6500 0.00000013
148.7000 0.00000011
148.7500 0.00000010
148.8000 0.00000009
148.8500 0.00000008
148.9000 0.00000007
148.9500 0.00000006
149.0000 0.00000005
149.0500 0.00000005
149.1000 0.00000004
149.1500 0.00000004
149.2000 0.00000003
149.2500 0.00000003
149.3000 0.00000002
149.3500 0.00000002
149.4000 0.00000002
149.4500 0.00000002
149.5000 0.00000001
149.5500 0.00000001
149.6000 0.00000001
149.6500 0.00000001
149.7000 0.00000001
149.7500 0.00000001
149.8000 0.00000001
149.8500 0.00000000
149.9000 0.00000000
149.9500 0.00000000
150.0000 0.00000000
150.0500 0.00000000
150.1000 0.00000000
150.1500 0.00000000
150.2000 0.00000000
150.2500 0.00000000
150.3000 0.00000000
150.3500 0.00000000
150.4000 0.00000000
150.4500 0.00000000
150.5000 0.00000000
150.5500 0.00000000
150.6000 0.00000000
150.6500 0.00000000
150.7000 0.00000000
150.7500 0.00000000
150.8000 0.00000000
150.8500 0.00000000
150.9000 0.00000000
150.9500 0.00000000
151.0000 0.00000000
151.0500 0.00000000
151.1000 0.00000000
151.1500 0.00000000
151.2000 0.00000000
151.2500 0.00000000
151.3000 0.00000000
151.3500 0.00000000
151.4000 0.00000000
151.4500 0.00000000
151.5000 0.00000000
151.5500 0.00000000
151.6000 0.00000000
151.6500 0.00000000
151.7000 0.00000000
151.7500 0.00000000
151.8000 0.00000000
151.8500 0.00000000
151.9000 0.00000000
151.9500 0.00000000
152.0000 0.00000000
152.0500 0.00000000
152.1000 0.00000000
152.1500 0.00000000
152.2000 0.00000000
152.2500 0.00000000
152.3000 0.00000000
152.3500 0.00000000
152.4000 0.00000000
152.4500 0.00000000
152.5000 0.00000000
152.5500 0.00000000
152.6000 0.00000000
152.6500 0.00000000
152.7000 0.00000000
152.7500 0.00000000
152.8000 0.00000000
152.8500 0.00000000
152.9000 0.00000000
152.9500 0.00000000
153.0000 0.00000000
153.0500 0.00000000
153.1000 0.00000000
153.1500 0.00000000
153.2000 0.00000000
153.2500 0.00000000
153.3000 0.00000000
153.3500 0.00000000
153.4000 0.00000000
153.4500 0.00000000
153.5000 0.00000000
153.5500 0.00000000
153.6000 0.00000000
153.6500 0.00000000
153.7000 0.00000000
153.7500 0.00000000
153.8000 0.00000000
153.8500 0.00000000
153.9000 0.00000000
153.9500 0.00000000
154.0000 0.00000000
154.0500 0.00000000
154.1000 0.00000000
154.1500 0.00000000
154.2000 0.00000000
154.2500 0.00000000
154.3000 0.00000000
154.3500 0.00000000
154.4000 0.00000000
154.4500 0.00000000
154.5000 0.00000000
154.5500 0.00000000
154.6000 0.00000000
154.6500 0.00000000
154.7000 0.00000000
154.7500 0.00000000
154.8000 0.00000000
154.8500 0.00000000
154.9000 0.00000000
154.9500 0.00000000
155.0000 0.00000000
155.0500 0.00000000
155.1000 0.00000000
155.1500 0.00000000
155.2000 0.00000000
155.2500 0.00000000
155.3000 0.00000000
155.3500 0.00000000
155.4000 0.00000000
155.4500 0.00000000
155.5000 0.00000000
155.5500 0.00000000
155.6000 0.00000000
155.6500 0.00000000
155.7000 0.00000000
155.7500 0.00000000
155.8000 0.00000000
155.8500 0.00000000
155.9000 0.00000000
155.9500 0.00000000
156.0000 0.00000000
156.0500 0.00000000
156.1000 0.00000000
156.1500 0.00000000
156.2000 0.00000000
156.2500 0.00000000
156.3000 0.00000000
156.3500 0.00000000
156.4000 0.00000000
156.4500 0.00000000
156.5000 0.00000000
156.5500 0.00000000
156.6000 0.00000000
156.6500 0.00000000
156.7000 0.00000000
156.7500 0.00000000
156.8000 0.00000000
156.8500 0.00000000
156.9000 0.00000000
156.9500 0.00000000
157.0000 0.00000000
157.0500 0.00000000
157.1000 0.00000000
157.1500 0.00000000
157.2000 0.00000000
157.2500 0.00000000
157.3000 0.00000000
157.3500 0.00000000
157.4000 0.00000000
157.4500 0.00000000
157.5000 0.00000000
157.5500 0.00000000
157.6000 0.00000000
157.6500 0.00000000
157.7000 0.00000000
157.7500 0.00000000
157.8000 0.00000000
157.8500 0.00000000
157.9000 0.00000000
157.9500 0.00000000
158.0000 0.00000000
158.0500 0.00000000
158.1000 0.00000000
158.1500 0.00000000
158.2000 0.00000000
158.2500 0.00000000
158.3000 0.00000000
158.3500 0.00000000
158.4000 0.00000000
158.4500 0.00000000
158.5000 0.00000000
158.5500 0.00000000
158.6000 0.00000000
158.6500 0.00000000
158.7000 0.00000000
158.7500 0.00000000
158.8000 0.00000000
158.8500 0.00000000
158.9000 0.00000000
158.9500 0.00000000
159.0000 0.00000000
159.0500 0.00000000
159.1000 0.00000000
159.1500 0.00000000
159.2000 0.00000000
159.2500 0.00000000
159.3000 0.00000000
159.3500 0.00000000
159.4000 0.00000000
159.4500 0.00000000
159.5000 0.00000000
159.5500 0.00000000
159.6000 0.00000000
159.6500 0.00000000
159.7000 0.00000000
159.7500 0.00000000
159.8000 0.00000000
159.8500 0.00000000
159.9000 0.00000000
159.9500 0.00000000
160.0000 0.00000000
160.0500 0.00000000
160.1000 0.00000000
160.1500 0.00000000
160.2000 0.00000000
160.2500 0.00000000
160.3000 0.00000000
160.3500 0.00000000
160.4000 0.00000000
160.4500 0.00000000
160.5000 0.00000000
160.5500 0.00000000
160.6000 0.00000000
160.6500 0.00000000
160.7000 0.00000000
160.7500 0.00000000
160.8000 0.00000000
160.8500 0.00000000
160.9000 0.00000000
160.9500 0.00000000
161.0000 0.00000000
161.0500 0.00000000
161.1000 0.00000000
161.1500 0.00000000
161.2000 0.00000000
161.2500 0.00000000
161.3000 0.00000000
161.3500 0.00000000
161.4000 0.00000000
161.4500 0.00000000
161.5000 0.00000000
161.5500 0.00000000
161.6000 0.00000000
161.6500 0.00000000
161.7000 0.00000000
161.7500 0.00000000
161.8000 0.00000000
161.8500 0.00000000
161.9000 0.00000000
161.9500 0.00000000
162.0000 0.00000000
162.0500 0.00000000
162.1000 0.00000000
162.1500 0.00000000
162.2000 0.00000000
162.2500 0.00000000
162.3000 0.00000000
162.3500 0.00000000
162.4000 0.00000000
162.4500 0.00000000
162.5000 0.00000000
162.5500 0.00000000
162.6000 0.00000000
162.6500 0.00000000
162.7000 0.00000000
162.7500 0.00000000
162.8000 0.00000000
162.8500 0.00000000
162.9000 0.00000000
162.9500 0.00000000
163.0000 0.00000000
163.0500 0.00000000
163.1000 0.00000000
163.1500 0.00000000
163.2000 0.00000000
163.2500 0.00000000
163.3000 0.00000000
163.3500 0.00000000
163.4000 0.00000000
163.4500 0.00000000
163.5000 0.00000000
163.5500 0.00000000
163.6000 0.00000000
163.6500 0.00000000
163.7000 0.00000000
163.7500 0.00000000
163.8000 0.00000000
163.8500 0.00000000
163.9000 0.00000000
163.9500 0.00000000
164.0000 0.00000000
164.0500 0.00000000
164.1000 0.00000000
164.1500 0.00000000
164.2000 0.00000000
164.2500 0.00000000
164.3000 0.00000000
164.3500 0.00000000
164.4000 0.00000000
164.4500 0.00000000
164.5000 0.00000000
164.5500 0.00000000
164.6000 0.00000000
164.6500 0.00000000
164.7000 0.00000000
164.7500 0.00000000
164.8000 0.00000000
164.8500 0.00000000
164.9000 0.00000000
164.9500 0.00000000
165.0000 0.00000000
165.0500 0.00000000
165.1000 0.00000000
165.1500 0.00000000
165.2000 0.00000000
165.2500 0.00000000
165.3000 0.00000000
165.3500 0.00000000
165.4000 0.00000000
165.4500 0.00000000
165.5000 0.00000000
165.5500 0.00000000
165.6000 0.00000000
165.6500 0.00000000
165.7000 0.00000000
165.7500 0.00000000
165.8000 0.00000000
165.8500 0.00000000
165.9000 0.00000000
165.9500 0.00000000
166.0000 0.00000000
166.0500 0.00000000
166.1000 0.00000000
166.1500 0.00000000
166.2000 0.00000000
166.2500 0.00000000
166.3000 0.00000000
166.3500 0.00000000
166.4000 0.00000000
166.4500 0.00000000
166.5000 0.00000000
166.5500 0.00000000
166.6000 0.00000000
166.6500 0.00000000
166.7000 0.00000000
166.7500 0.00000000
166.8000 0.00000000
166.8500 0.00000000
166.9000 0.00000000
166.9500 0.00000000
167.0000 0.00000000
167.0500 0.00000000
167.1000 0.00000000
167.1500 0.00000000
167.2000 0.00000000
167.2500 0.00000000
167.3000 0.00000000
167.3500 0.00000000
167.4000 0.00000000
167.4500 0.00000000
167.5000 0.00000000
167.5500 0.00000000
167.6000 0.00000000
167.6500 0.00000000
167.7000 0.00000000
167.7500 0.00000000
167.8000 0.00000000
167.8500 0.00000000
167.9000 0.00000000
167.9500 0.00000000
168.0000 0.00000000
168.0500 0.00000000
168.1000 0.00000000
168.1500 0.00000000
168.2000 0.00000000
168.2500 0.00000000
168.3000 0.00000000
168.3500 0.00000000
168.4000 0.00000000
168.4500 0.00000000
168.5000 0.00000000
168.5500 0.00000000
168.6000 0.00000000
168.6500 0.00000000
168.7000 0.00000000
168.7500 0.00000000
168.8000 0.00000000
168.8500 0.00000000
168.9000 0.00000000
168.9500 0.00000000
169.0000 0.00000000
169.0500 0.00000000
169.1000 0.00000000
169.1500 0.00000000
169.2000 0.00000000
169.2500 0.00000000
169.3000 0.00000000
169.3500 0.00000000
169.4000 0.00000000
169.4500 0.00000000
169.5000 0.00000000
169.5500 0.00000000
169.6000 0.00000000
169.6500 0.00000000
169.7000 0.00000000
169.7500 0.00000000
169.8000 0.00000000
169.8500 0.00000000
169.9000 0.00000000
169.9500 0.00000000
170.0000 0.00000000
170.0500 0.00000000
170.1000 0.00000000
170.1500 0.00000000
170.2000 0.00000000
170.2500 0.00000000
170.3000 0.00000000
170.3500 0.00000000
170.4000 0.00000000
170.4500 0.00000000
170.5000 0.00000000
170.5500 0.00000000
170.6000 0.00000000
170.6500 0.00000000
170.7000 0.00000000
170.7500 0.00000000
170.8000 0.00000000
170.8500 0.00000000
170.9000 0.00000000
170.9500 0.00000000
171.0000 0.00000000
171.0500 0.00000000
171.1000 0.00000000
171.1500 0.00000000
171.2000 0.00000000
171.2500 0.00000000
171.3000 0.00000000
171.3500 0.00000000
171.4000 0.00000000
171.4500 0.00000000
171.5000 0.00000000
171.5500 0.00000000
171.6000 0.00000000
171.6500 0.00000000
171.7000 0.00000000
171.7500 0.00000000
171.8000 0.00000000
171.8500 0.00000000
171.9000 0.00000000
171.9500 0.00000000
172.0000 0.00000000
172.0500 0.00000000
172.1000 0.00000000
172.1500 0.00000000
172.2000 0.00000000
172.2500 0.00000000
172.3000 0.00000000
172.3500 0.00000000
172.4000 0.00000000
172.4500 0.00000000
172.5000 0.00000000
172.5500 0.00000000
172.6000 0.00000000
172.6500 0.00000000
172.7000 0.00000000
172.7500 0.00000000
172.8000 0.00000000
172.8500 0.00000000
172.9000 0.00000000
172.9500 0.00000000
173.0000 0.00000000
173.0500 0.00000000
173.1000 0.00000000
173.1500 0.00000000
173.2000 0.00000000
173.2500 0.00000000
173.3000 0.00000000
173.3500 0.00000000
173.4000 0.00000000
173.4500 0.00000000
173.5000 0.00000000
173.5500 0.00000000
173.6000 0.00000000
173.6500 0.00000000
173.7000 0.00000000
173.7500 0.00000000
173.8000 0.00000000
173.8500 0.00000000
173.9000 0.00000000
173.9500 0.00000000
174.0000 0.00000000
174.0500 0.00000000
174.1000 0.00000000
174.1500 0.00000000
174.2000 0.00000000
174.2500 0.00000000
174.3000 0.00000000
174.3500 0.00000000
174.4000 0.00000000
174.4500 0.00000000
174.5000 0.00000000
174.5500 0.00000000
174.6000 0.00000000
174.6500 0.00000000
174.7000 0.00000000
174.7500 0.00000000
174.8000 0.00000000
174.8500 0.00000000
174.9000 0.00000000
174.9500 0.00000000
175.0000 0.00000000
175.0500 0.00000000
175.1000 0.00000000
175.1500 0.00000000
175.2000 0.00000000
175.2500 0.00000000
175.3000 0.00000000
175.3500 0.00000000
175.4000 0.00000000
175.4500 0.00000000
175.5000 0.00000000
175.5500 0.00000000
175.6000 0.00000000
175.6500 0.00000000
175.7000 0.00000000
175.7500 0.00000000
175.8000 0.00000000
175.8500 0.00000000
175.9000 0.00000000
175.9500 0.00000000
176.0000 0.00000000
176.0500 0.00000000
176.1000 0.00000000
176.1500 0.00000000
176.2000 0.00000000
176.2500 0.00000000
176.3000 0.00000000
176.3500 0.00000000
176.4000 0.00000000
176.4500 0.00000000
176.5000 0.00000000
176.5500 0.00000000
176.6000 0.00000000
176.6500 0.00000000
176.7000 0.00000000
176.7500 0.00000000
176.8000 0.00000000
176.8500 0.00000000
176.9000 0.00000000
176.9500 0.00000000
177.0000 0.00000000
177.0500 0.00000000
177.1000 0.00000000
177.1500 0.00000000
177.2000 0.00000000
177.2500 0.00000000
177.3000 0.00000000
177.3500 0.00000000
177.4000 0.00000000
177.4500 0.00000000
177.5000 0.00000000
177.5500 0.00000000
177.6000 0.00000000
177.6500 0.00000000
177.7000 0.00000000
177.7500 0.00000000
177.8000 0.00000000
177.8500 0.00000000
177.9000 0.00000000
177.9500 0.00000000
178.0000 0.00000000
178.0500 0.00000000
178.1000 0.00000000
178.1500 0.00000000
178.2000 0.00000000
178.2500 0.00000000
178.3000 0.00000000
178.3500 0.00000000
178.4000 0.00000000
178.4500 0.00000000
178.5000 0.00000000
178.5500 0.00000000
178.6000 0.00000000
178.6500 0.00000000
178.7000 0.00000000
178.7500 0.00000000
178.8000 0.00000000
178.8500 0.00000000
178.9000 0.00000000
178.9500 0.00000000
179.0000 0.00000000
179.0500 0.00000000
179.1000 0.00000000
179.1500 0.00000000
179.2000 0.00000000
179.2500 0.00000000
179.3000 0.00000000
179.3500 0.00000000
179.4000 0.00000000
179.4500 0.00000000
179.5000 0.00000000
179.5500 0.00000000
179.6000 0.00000000
179.6500 0.00000000
179.7000 0.00000000
179.7500 0.00000000
179.8000 0.00000000
179.8500 0.00000000
179.9000 0.00000000
179.9500 0.00000000
180.0000 0.00000000
180.0500 0.00000000
180.1000 0.00000000
180.1500 0.00000000
180.2000 0.00000000
180.2500 0.00000000
180.3000 0.00000000
180.3500 0.00000000
180.4000 0.00000000
180.4500 0.00000000
180.5000 0.00000000
180.5500 0.00000000
180.6000 0.00000000
180.6500 0.00000000
180.7000 0.00000000
180.7500 0.00000000
180.8000 0.00000000
180.8500 0.00000000
180.9000 0.00000000
180.9500 0.00000000
181.0000 0.00000000
181.0500 0.00000000
181.1000 0.00000000
181.1500 0.00000000
181.2000 0.00000000
181.2500 0.00000000
181.3000 0.00000000
181.3500 0.00000000
181.4000 0.00000000
181.4500 0.00000000
181.5000 0.00000000
181.5500 0.00000000
181.6000 0.00000000
181.6500 0.00000000
181.7000 0.00000000
181.7500 0.00000000
181.8000 0.00000000
181.8500 0.00000000
181.9000 0.00000000
181.9500 0.00000000
182.0000 0.00000000
182.0500 0.00000000
182.1000 0.00000000
182.1500 0.00000000
182.2000 0.00000000
182.2500 0.00000000
182.3000 0.00000000
182.3500 0.00000000
182.4000 0.00000000
182.4500 0.00000000
182.5000 0.00000000
182.5500 0.00000000
182.6000 0.00000000
182.6500 0.00000000
182.7000 0.00000000
182.7500 0.00000000
182.8000 0.00000000
182.8500 0.00000000
182.9000 0.00000000
182.9500 0.00000000
183.0000 0.00000000
183.0500 0.00000000
183.1000 0.00000000
183.1500 0.00000000
183.2000 0.00000000
183.2500 0.00000000
183.3000 0.00000000
183.3500 0.00000000
183.4000 0.00000000
183.4500 0.00000000
183.5000 0.00000000
183.5500 0.00000000
183.6000 0.00000000
183.6500 0.00000000
183.7000 0.00000000
183.7500 0.00000000
183.8000 0.00000000
183.8500 0.00000000
183.9000 0.00000000
183.9500 0.00000000
184.0000 0.00000000
184.0500 0.00000000
184.1000 0.00000000
184.1500 0.00000000
184.2000 0.00000000
184.2500 0.00000000
184.3000 0.00000000
184.3500 0.00000000
184.4000 0.00000000
184.4500 0.00000000
184.5000 0.00000000
184.5500 0.00000000
184.6000 0.00000000
184.6500 0.00000000
184.7000 0.00000000
184.7500 0.00000000
184.8000 0.00000000
184.8500 0.00000000
184.9000 0.00000000
184.9500 0.00000000
185.0000 0.00000000
185.0500 0.00000000
185.1000 0.00000000
185.1500 0.00000000
185.2000 0.00000000
185.2500 0.00000000
185.3000 0.00000000
185.3500 0.00000000
185.4000 0.00000000
185.4500 0.00000000
185.5000 0.00000000
185.5500 0.00000000
185.6000 0.00000000
185.6500 0.00000000
185.7000 0.00000000
185.7500 0.00000000
185.8000 0.00000000
185.8500 0.00000000
185.9000 0.00000000
185.9500 0.00000000
186.0000 0.00000000
186.0500 0.00000000
186.1000 0.00000000
186.1500 0.00000000
186.2000 0.00000000
186.2500 0.00000000
186.3000 0.00000000
186.3500 0.00000000
186.4000 0.00000000
186.4500 0.00000000
186.5000 0.00000000
186.5500 0.00000000
186.6000 0.00000000
186.6500 0.00000000
186.7000 0.00000000
186.7500 0.00000000
186.8000 0.00000000
186.8500 0.00000000
186.9000 0.00000000
186.9500 0.00000000
187.0000 0.00000000
187.0500 0.00000000
187.1000 0.00000000
187.1500 0.00000000
187.2000 0.00000000
187.2500 0.00000000
187.3000 0.00000000
187.3500 0.00000000
187.4000 0.00000000
187.4500 0.00000000
187.5000 0.00000000
187.5500 0.00000000
187.6000 0.00000000
187.6500 0.00000000
187.7000 0.00000000
187.7500 0.00000000
187.8000 0.00000000
187.8500 0.00000000
187.9000 0.00000000
187.9500 0.00000000
188.0000 0.00000000
188.0500 0.00000000
188.1000 0.00000000
188.1500 0.00000000
188.2000 0.00000000
188.2500 0.00000000
188.3000 0.00000000
188.3500 0.00000000
188.4000 0.00000000
188.4500 0.00000000
188.5000 0.00000000
188.5500 0.00000000
188.6000 0.00000000
188.6500 0.00000000
188.7000 0.00000000
188.7500 0.00000000
188.8000 0.00000000
188.8500 0.00000000
188.9000 0.00000000
188.9500 0.00000000
189.0000 0.00000000
189.0500 0.00000000
189.1000 0.00000000
189.1500 0.00000000
189.2000 0.00000000
189.2500 0.00000000
189.3000 0.00000000
189.3500 0.00000000
189.4000 0.00000000
189.4500 0.00000000
189.5000 0.00000000
189.5500 0.00000000
189.6000 0.00000000
189.6500 0.00000000
189.7000 0.00000000
189.7500 0.00000000
189.8000 0.00000000
189.8500 0.00000000
189.9000 0.00000000
189.9500 0.00000000
190.0000 0.00000000
190.0500 0.00000000
190.1000 0.00000000
190.1500 0.00000000
190.2000 0.00000000
190.2500 0.00000000
190.3000 0.00000000
190.3500 0.00000000
190.4000 0.00000000
190.4500 0.00000000
190.5000 0.00000000
190.5500 0.00000000
190.6000 0.00000000
190.6500 0.00000000
190.7000 0.00000000
190.7500 0.00000000
190.8000 0.00000000
190.8500 0.00000000
190.9000 0.00000000
190.9500 0.00000000
191.0000 0.00000000
191.0500 0.00000000
191.1000 0.00000000
191.1500 0.00000000
191.2000 0.00000000
191.2500 0.00000000
191.3000 0.00000000
191.3500 0.00000000
191.4000 0.00000000
191.4500 0.00000000
191.5000 0.00000000
191.5500 0.00000000
191.6000 0.00000000
191.6500 0.00000000
191.7000 0.00000000
191.7500 0.00000000
191.8000 0.00000000
191.8500 0.00000000
191.9000 0.00000000
191.9500 0.00000000
192.0000 0.00000000
192.0500 0.00000000
192.1000 0.00000000
192.1500 0.00000000
192.2000 0.00000000
192.2500 0.00000000
192.3000 0.00000000
192.3500 0.00000000
192.4000 0.00000000
192.4500 0.00000000
192.5000 0.00000000
192.5500 0.00000000
192.6000 0.00000000
192.6500 0.00000000
192.7000 0.00000000
192.7500 0.00000000
192.8000 0.00000000
192.8500 0.00000000
192.9000 0.00000000
192.9500 0.00000000
193.0000 0.00000000
193.0500 0.00000000
193.1000 0.00000000
193.1500 0.00000000
193.2000 0.00000000
193.2500 0.00000000
193.3000 0.00000000
193.3500 0.00000000
193.4000 0.00000000
193.4500 0.00000000
193.5000 0.00000000
193.5500 0.00000000
193.6000 0.00000000
193.6500 0.00000000
193.7000 0.00000000
193.7500 0.00000000
193.8000 0.00000000
193.8500 0.00000000
193.9000 0.00000000
193.9500 0.00000000
194.0000 0.00000000
194.0500 0.00000000
194.1000 0.00000000
194.1500 0.00000000
194.2000 0.00000000
194.2500 0.00000000
194.3000 0.00000000
194.3500 0.00000000
194.4000 0.00000000
194.4500 0.00000000
194.5000 0.00000000
194.5500 0.00000000
194.6000 0.00000000
194.6500 0.00000000
194.7000 0.00000000
194.7500 0.00000000
194.8000 0.00000000
194.8500 0.00000000
194.9000 0.00000000
194.9500 0.00000000
195.0000 0.00000000
195.0500 0.00000000
195.1000 0.00000000
195.1500 0.00000000
195.2000 0.00000000
195.2500 0.00000000
195.3000 0.00000000
195.3500 0.00000000
195.4000 0.00000000
195.4500 0.00000000
195.5000 0.00000000
195.5500 0.00000000
195.6000 0.00000000
195.6500 0.00000000
195.7000 0.00000000
195.7500 0.00000000
195.8000 0.00000000
195.8500 0.00000000
195.9000 0.00000000
195.9500 0.00000000
196.0000 0.00000000
196.0500 0.00000000
196.1000 0.00000000
196.1500 0.00000000
196.2000 0.00000000
196.2500 0.00000000
196.3000 0.00000000
196.3500 0.00000000
196.4000 0.00000000
196.4500 0.00000000
196.5000 0.00000000
196.5500 0.00000000
196.6000 0.00000000
196.6500 0.00000000
196.7000 0.00000000
196.7500 0.00000000
196.8000 0.00000000
196.8500 0.00000000
196.9000 0.00000000
196.9500 0.00000000
197.0000 0.00000000
197.0500 0.00000000
197.1000 0.00000000
197.1500 0.00000000
197.2000 0.00000000
197.2500 0.00000000
197.3000 0.00000000
197.3500 0.00000000
197.4000 0.00000000
197.4500 0.00000000
197.5000 0.00000000
197.5500 0.00000000
197.6000 0.00000000
197.6500 0.00000000
197.7000 0.00000000
197.7500 0.00000000
197.8000 0.00000000
197.8500 0.00000000
197.9000 0.00000000
197.9500 0.00000000
198.0000 0.00000000
198.0500 0.00000000
198.1000 0.00000000
198.1500 0.00000000
198.2000 0.00000000
198.2500 0.00000000
198.3000 0.00000000
198.3500 0.00000000
198.4000 0.00000000
198.4500 0.00000000
198.5000 0.00000000
198.5500 0.00000000
198.6000 0.00000000
198.6500 0.00000000
198.7000 0.00000000
198.7500 0.00000000
198.8000 0.00000000
198.8500 0.00000000
198.9000 0.00000000
198.9500 0.00000000
199.0000 0.00000000
199.0500 0.00000000
199.1000 0.00000000
199.1500 0.00000000
199.2000 0.00000000
199.2500 0.00000000
199.3000 0.00000000
199.3500 0.00000000
199.4000 0.00000000
199.4500 0.00000000
199.5000 0.00000000
199.5500 0.00000000
199.6000 0.00000000
199.6500 0.00000000
199.7000 0.00000000
199.7500 0.00000000
199.8000 0.00000000
199.8500 0.00000000
199.9000 0.00000000
199.9500 0.00000000
200.0000 0.00000000
200.0500 0.00000000
200.1000 0.00000000
200.1500 0.00000000
200.2000 0.00000000
200.2500 0.00000000
200.3000 0.00000000
200.3500 0.00000000
200.4000 0.00000000
200.4500 0.00000000
200.5000 0.00000000
200.5500 0.00000000
200.6000 0.00000000
200.6500 0.00000000
200.7000 0.00000000
200.7500 0.00000000
200.8000 0.00000000
200.8500 0.00000000
200.9000 0.00000000
200.9500 0.00000000
201.0000 0.00000000
201.0500 0.00000000
201.1000 0.00000000
201.1500 0.00000000
201.2000 0.00000000
201.2500 0.00000000
201.3000 0.00000000
201.3500 0.00000000
201.4000 0.00000000
201.4500 0.00000000
201.5000 0.00000000
201.5500 0.00000000
201.6000 0.00000000
201.6500 0.00000000
201.7000 0.00000000
201.7500 0.00000000
201.8000 0.00000000
201.8500 0.00000000
201.9000 0.00000000
201.9500 0.00000000
202.0000 0.00000000
202.0500 0.00000000
202.1000 0.00000000
202.1500 0.00000000
202.2000 0.00000000
202.2500 0.00000000
202.3000 0.00000000
202.3500 0.00000000
202.4000 0.00000000
202.4500 0.00000000
202.5000 0.00000000
202.5500 0.00000000
202.6000 0.00000000
202.6500 0.00000000
202.7000 0.00000000
202.7500 0.00000000
202.8000 0.00000000
202.8500 0.00000000
202.9000 0.00000000
202.9500 0.00000000
203.0000 0.00000000
203.0500 0.00000000
203.1000 0.00000000
203.1500 0.00000000
203.2000 0.00000000
203.2500 0.00000000
203.3000 0.00000000
203.3500 0.00000000
203.4000 0.00000000
203.4500 0.00000000
203.5000 0.00000000
203.5500 0.00000000
203.6000 0.00000000
203.6500 0.00000000
203.7000 0.00000000
203.7500 0.00000000
203.8000 0.00000000
203.8500 0.00000000
203.9000 0.00000000
203.9500 0.00000000
204.0000 0.00000000
204.0500 0.00000000
204.1000 0.00000000
204.1500 0.00000000
204.2000 0.00000000
204.2500 0.00000000
204.3000 0.00000000
204.3500 0.00000000
204.4000 0.00000000
204.4500 0.00000000
204.5000 0.00000000
204.5500 0.00000000
204.6000 0.00000000
204.6500 0.00000000
204.7000 0.00000000
204.7500 0.00000000
204.8000 0.00000000
204.8500 0.00000000
204.9000 0.00000000
204.9500 0.00000000
205.0000 0.00000000
205.0500 0.00000000
205.1000 0.00000000
205.1500 0.00000000
205.2000 0.00000000
205.2500 0.00000000
205.3000 0.00000000
205.3500 0.00000000
205.4000 0.00000000
205.4500 0.00000000
205.5000 0.00000000
205.5500 0.00000000
205.6000 0.00000000
205.6500 0.00000000
205.7000 0.00000000
205.7500 0.00000000
205.8000 0.00000000
205.8500 0.00000000
205.9000 0.00000000
205.9500 0.00000000
206.0000 0.00000000
206.0500 0.00000000
206.1000 0.00000000
206.1500 0.00000000
206.2000 0.00000000
206.2500 0.00000000
206.3000 0.00000000
206.3500 0.00000000
206.4000 0.00000000
206.4500 0.00000000
206.5000 0.00000000
206.5500 0.00000000
206.6000 0.00000000
206.6500 0.00000000
206.7000 0.00000000
206.7500 0.00000000
206.8000 0.00000000
206.8500 0.00000000
206.9000 0.00000000
206.9500 0.00000000
207.0000 0.00000000
207.0500 0.00000000
207.1000 0.00000000
207.1500 0.00000000
207.2000 0.00000000
207.2500 0.00000000
207.3000 0.00000000
207.3500 0.00000000
207.4000 0.00000000
207.4500 0.00000000
207.5000 0.00000000
207.5500 0.00000000
207.6000 0.00000000
207.6500 0.00000000
207.7000 0.00000000
207.7500 0.00000000
207.8000 0.00000000
207.8500 0.00000000
207.9000 0.00000000
207.9500 0.00000000
208.0000 0.00000000
208.0500 0.00000000
208.1000 0.00000000
208.1500 0.00000000
208.2000 0.00000000
208.2500 0.00000000
208.3000 0.00000000
208.3500 0.00000000
208.4000 0.00000000
208.4500 0.00000000
208.5000 0.00000000
208.5500 0.00000000
208.6000 0.00000000
208.6500 0.00000000
208.7000 0.00000000
208.7500 0.00000000
208.8000 0.00000000
208.8500 0.00000000
208.9000 0.00000000
208.9500 0.00000000
209.0000 0.00000000
209.0500 0.00000000
209.1000 0.00000000
209.1500 0.00000000
209.2000 0.00000000
209.2500 0.00000000
209.3000 0.00000000
209.3500 0.00000000
209.4000 0.00000000
209.4500 0.00000000
209.5000 0.00000000
209.5500 0.00000000
209.6000 0.00000000
209.6500 0.00000000
209.7000 0.00000000
209.7500 0.00000000
209.8000 0.00000000
209.8500 0.00000000
209.9000 0.00000000
209.9500 0.00000000
210.0000 0.00000000
210.0500 0.00000000
210.1000 0.00000000
210.1500 0.00000000
210.2000 0.00000000
210.2500 0.00000000
210.3000 0.00000000
210.3500 0.00000000
210.4000 0.00000000
210.4500 0.00000000
210.5000 0.00000000
210.5500 0.00000000
210.6000 0.00000000
210.6500 0.00000000
210.7000 0.00000000
210.7500 0.00000000
210.8000 0.00000000
210.8500 0.00000000
210.9000 0.00000000
210.9500 0.00000000
211.0000 0.00000000
211.0500 0.00000000
211.1000 0.00000000
211.1500 0.00000000
211.2000 0.00000000
211.2500 0.00000000
211.3000 0.00000000
211.3500 0.00000000
211.4000 0.00000000
211.4500 0.00000000
211.5000 0.00000000
211.5500 0.00000000
211.6000 0.00000000
211.6500 0.00000000
211.7000 0.00000000
211.7500 0.00000000
211.8000 0.00000000
211.8500 0.00000000
211.9000 0.00000000
211.9500 0.00000000
212.0000 0.00000000
212.0500 0.00000000
212.1000 0.00000000
212.1500 0.00000000
212.2000 0.00000000
212.2500 0.00000000
212.3000 0.00000000
212.3500 0.00000000
212.4000 0.00000000
212.4500 0.00000000
212.5000 0.00000000
212.5500 0.00000000
212.6000 0.00000000
212.6500 0.00000000
212.7000 0.00000000
212.7500 0.00000000
212.8000 0.00000000
212.8500 0.00000000
212.9000 0.00000000
212.9500 0.00000000
213.0000 0.00000000
213.0500 0.00000000
213.1000 0.00000000
213.1500 0.00000000
213.2000 0.00000000
213.2500 0.00000000
213.3000 0.00000000
213.3500 0.00000000
213.4000 0.00000000
213.4500 0.00000000
213.5000 0.00000000
213.5500 0.00000000
213.6000 0.00000000
213.6500 0.00000000
213.7000 0.00000000
213.7500 0.00000000
213.8000 0.00000000
213.8500 0.00000000
213.9000 0.00000000
213.9500 0.00000000
214.0000 0.00000000
214.0500 0.00000000
214.1000 0.00000000
214.1500 0.00000000
214.2000 0.00000000
214.2500 0.00000000
214.3000 0.00000000
214.3500 0.00000000
214.4000 0.00000000
214.4500 0.00000000
214.5000 0.00000000
214.5500 0.00000000
214.6000 0.00000000
214.6500 0.00000000
214.7000 0.00000000
214.7500 0.00000000
214.8000 0.00000000
214.8500 0.00000000
214.9000 0.00000000
214.9500 0.00000000
215.0000 0.00000000
215.0500 0.00000000
215.1000 0.00000000
215.1500 0.00000000
215.2000 0.00000000
215.2500 0.00000000
215.3000 0.00000000
215.3500 0.00000000
215.4000 0.00000000
215.4500 0.00000000
215.5000 0.00000000
215.5500 0.00000000
215.6000 0.00000000
215.6500 0.00000000
215.7000 0.00000000
215.7500 0.00000000
215.8000 0.00000000
215.8500 0.00000000
215.9000 0.00000000
215.9500 0.00000000
216.0000 0.00000000
216.0500 0.00000000
216.1000 0.00000000
216.1500 0.00000000
216.2000 0.00000000
216.2500 0.00000000
216.3000 0.00000000
216.3500 0.00000000
216.4000 0.00000000
216.4500 0.00000000
216.5000 0.00000000
216.5500 0.00000000
216.6000 0.00000000
216.6500 0.00000000
216.7000 0.00000000
216.7500 0.00000000
216.8000 0.00000000
216.8500 0.00000000
216.9000 0.00000000
216.9500 0.00000000
217.0000 0.00000000
217.0500 0.00000000
217.1000 0.00000000
217.1500 0.00000000
217.2000 0.00000000
217.2500 0.00000000
217.3000 0.00000000
217.3500 0.00000000
217.4000 0.00000000
217.4500 0.00000000
217.5000 0.00000000
217.5500 0.00000000
217.6000 0.00000000
217.6500 0.00000000
217.7000 0.00000000
217.7500 0.00000000
217.8000 0.00000000
217.8500 0.00000000
217.9000 0.00000000
217.9500 0.00000000
218.0000 0.00000000
218.0500 0.00000000
218.1000 0.00000000
218.1500 0.00000000
218.2000 0.00000000
218.2500 0.00000000
218.3000 0.00000000
218.3500 0.00000000
218.4000 0.00000000
218.4500 0.00000000
218.5000 0.00000000
218.5500 0.00000000
218.6000 0.00000000
218.6500 0.00000000
218.7000 0.00000000
218.7500 0.00000000
218.8000 0.00000000
218.8500 0.00000000
218.9000 0.00000000
218.9500 0.00000000
219.0000 0.00000000
219.0500 0.00000000
219.1000 0.00000000
219.1500 0.00000000
219.2000 0.00000000
219.2500 0.00000000
219.3000 0.00000000
219.3500 0.00000000
219.4000 0.00000000
219.4500 0.00000000
219.5000 0.00000000
219.5500 0.00000000
219.6000 0.00000000
219.6500 0.00000000
219.7000 0.00000000
219.7500 0.00000000
219.8000 0.00000000
219.8500 0.00000000
219.9000 0.00000000
219.9500 0.00000000
220.0000 0.00000000
220.0500 0.00000000
220.1000 0.00000000
220.1500 0.00000000
220.2000 0.00000000
220.2500 0.00000000
220.3000 0.00000000
220.3500 0.00000000
220.4000 0.00000000
220.4500 0.00000000
220.5000 0.00000000
220.5500 0.00000000
220.6000 0.00000000
220.6500 0.00000000
220.7000 0.00000000
220.7500 0.00000000
220.8000 0.00000000
220.8500 0.00000000
220.9000 0.00000000
220.9500 0.00000000
221.0000 0.00000000
221.0500 0.00000000
221.1000 0.00000000
221.1500 0.00000000
221.2000 0.00000000
221.2500 0.00000000
221.3000 0.00000000
221.3500 0.00000000
221.4000 0.00000000
221.4500 0.00000000
221.5000 0.00000000
221.5500 0.00000000
221.6000 0.00000000
221.6500 0.00000000
221.7000 0.00000000
221.7500 0.00000000
221.8000 0.00000000
221.8500 0.00000000
221.9000 0.00000000
221.9500 0.00000000
222.0000 0.00000000
222.0500 0.00000000
222.1000 0.00000000
222.1500 0.00000000
222.2000 0.00000000
222.2500 0.00000000
222.3000 0.00000000
222.3500 0.00000000
222.4000 0.00000000
222.4500 0.00000000
222.5000 0.00000000
222.5500 0.00000000
222.6000 0.00000000
222.6500 0.00000000
222.7000 0.00000000
222.7500 0.00000000
222.8000 0.00000000
222.8500 0.00000000
222.9000 0.00000000
222.9500 0.00000000
223.0000 0.00000000
223.0500 0.00000000
223.1000 0.00000000
223.1500 0.00000000
223.2000 0.00000000
223.2500 0.00000000
223.3000 0.00000000
223.3500 0.00000000
223.4000 0.00000000
223.4500 0.00000000
223.5000 0.00000000
223.5500 0.00000000
223.6000 0.00000000
223.6500 0.00000000
223.7000 0.00000000
223.7500 0.00000000
223.8000 0.00000000
223.8500 0.00000000
223.9000 0.00000000
223.9500 0.00000000
224.0000 0.00000000
224.0500 0.00000000
224.1000 0.00000000
224.1500 0.00000000
224.2000 0.00000000
224.2500 0.00000000
224.3000 0.00000000
224.3500 0.00000000
224.4000 0.00000000
224.4500 0.00000000
224.5000 0.00000000
224.5500 0.00000000
224.6000 0.00000000
224.6500 0.00000000
224.7000 0.00000000
224.7500 0.00000000
224.8000 0.00000000
224.8500 0.00000000
224.9000 0.00000000
224.9500 0.00000000
225.0000 0.00000000
225.0500 0.00000000
225.1000 0.00000000
225.1500 0.00000000
225.2000 0.00000000
225.2500 0.00000000
225.3000 0.00000000
225.3500 0.00000000
225.4000 0.00000000
225.4500 0.00000000
225.5000 0.00000000
225.5500 0.00000000
225.6000 0.00000000
225.6500 0.00000000
225.7000 0.00000000
225.7500 0.00000000
225.8000 0.00000000
225.8500 0.00000000
225.9000 0.00000000
225.9500 0.00000000
226.0000 0.00000000
226.0500 0.00000000
226.1000 0.00000000
226.1500 0.00000000
226.2000 0.00000000
226.2500 0.00000000
226.3000 0.00000000
226.3500 0.00000000
226.4000 0.00000000
226.4500 0.00000000
226.5000 0.00000000
226.5500 0.00000000
226.6000 0.00000000
226.6500 0.00000000
226.7000 0.00000000
226.7500 0.00000000
226.8000 0.00000000
226.8500 0.00000000
226.9000 0.00000000
226.9500 0.00000000
227.0000 0.00000000
227.0500 0.00000000
227.1000 0.00000000
227.1500 0.00000000
227.2000 0.00000000
227.2500 0.00000000
227.3000 0.00000000
227.3500 0.00000000
227.4000 0.00000000
227.4500 0.00000000
227.5000 0.00000000
227.5500 0.00000000
227.6000 0.00000000
227.6500 0.00000000
227.7000 0.00000000
227.7500 0.00000000
227.8000 0.00000000
227.8500 0.00000000
227.9000 0.00000000
227.9500 0.00000000
228.0000 0.00000000
228.0500 0.00000000
228.1000 0.00000000
228.1500 0.00000000
228.2000 0.00000000
228.2500 0.00000000
228.3000 0.00000000
228.3500 0.00000000
228.4000 0.00000000
228.4500 0.00000000
228.5000 0.00000000
228.5500 0.00000000
228.6000 0.00000000
228.6500 0.00000000
228.7000 0.00000000
228.7500 0.00000000
228.8000 0.00000000
228.8500 0.00000000
228.9000 0.00000000
228.9500 0.00000000
229.0000 0.00000000
229.0500 0.00000000
229.1000 0.00000000
229.1500 0.00000000
229.2000 0.00000000
229.2500 0.00000000
229.3000 0.00000000
229.3500 0.00000000
229.4000 0.00000000
229.4500 0.00000000
229.5000 0.00000000
229.5500 0.00000000
229.6000 0.00000000
229.6500 0.00000000
229.7000 0.00000000
229.7500 0.00000000
229.8000 0.00000000
229.8500 0.00000000
229.9000 0.00000000
229.9500 0.00000000
230.0000 0.00000000
230.0500 0.00000000
230.1000 0.00000000
230.1500 0.00000000
230.2000 0.00000000
230.2500 0.00000000
230.3000 0.00000000
230.3500 0.00000000
230.4000 0.00000000
230.4500 0.00000000
230.5000 0.00000000
230.5500 0.00000000
230.6000 0.00000000
230.6500 0.00000000
230.7000 0.00000000
230.7500 0.00000000
230.8000 0.00000000
230.8500 0.00000000
230.9000 0.00000000
230.9500 0.00000000
231.0000 0.00000000
231.0500 0.00000000
231.1000 0.00000000
231.1500 0.00000000
231.2000 0.00000000
231.2500 0.00000000
231.3000 0.00000000
231.3500 0.00000000
231.4000 0.00000000
231.4500 0.00000000
231.5000 0.00000000
231.5500 0.00000000
231.6000 0.00000000
231.6500 0.00000000
231.7000 0.00000000
231.7500 0.00000000
231.8000 0.00000000
231.8500 0.00000000
231.9000 0.00000000
231.9500 0.00000000
232.0000 0.00000000
232.0500 0.00000000
232.1000 0.00000000
232.1500 0.00000000
232.2000 0.00000000
232.2500 0.00000000
232.3000 0.00000000
232.3500 0.00000000
232.4000 0.00000000
232.4500 0.00000000
232.5000 0.00000000
232.5500 0.00000000
232.6000 0.00000000
232.6500 0.00000000
232.7000 0.00000000
232.7500 0.00000000
232.8000 0.00000000
232.8500 0.00000000
232.9000 0.00000000
232.9500 0.00000000
233.0000 0.00000000
233.0500 0.00000000
233.1000 0.00000000
233.1500 0.00000000
233.2000 0.00000000
233.2500 0.00000000
233.3000 0.00000000
233.3500 0.00000000
233.4000 0.00000000
233.4500 0.00000000
233.5000 0.00000000
233.5500 0.00000000
233.6000 0.00000000
233.6500 0.00000000
233.7000 0.00000000
233.7500 0.00000000
233.8000 0.00000000
233.8500 0.00000000
233.9000 0.00000000
233.9500 0.00000000
234.0000 0.00000000
234.0500 0.00000000
234.1000 0.00000000
234.1500 0.00000000
234.2000 0.00000000
234.2500 0.00000000
234.3000 0.00000000
234.3500 0.00000000
234.4000 0.00000000
234.4500 0.00000000
234.5000 0.00000000
234.5500 0.00000000
234.6000 0.00000000
234.6500 0.00000000
234.7000 0.00000000
234.7500 0.00000000
234.8000 0.00000000
234.8500 0.00000000
234.9000 0.00000000
234.9500 0.00000000
235.0000 0.00000000
235.0500 0.00000000
235.1000 0.00000000
235.1500 0.00000000
235.2000 0.00000000
235.2500 0.00000000
235.3000 0.00000000
235.3500 0.00000000
235.4000 0.00000000
235.4500 0.00000000
235.5000 0.00000000
235.5500 0.00000000
235.6000 0.00000000
235.6500 0.00000000
235.7000 0.00000000
235.7500 0.00000000
235.8000 0.00000000
235.8500 0.00000000
235.9000 0.00000000
235.9500 0.00000000
236.0000 0.00000000
236.0500 0.00000000
236.1000 0.00000000
236.1500 0.00000000
236.2000 0.00000000
236.2500 0.00000000
236.3000 0.00000000
236.3500 0.00000000
236.4000 0.00000000
236.4500 0.00000000
236.5000 0.00000000
236.5500 0.00000000
236.6000 0.00000000
236.6500 0.00000000
236.7000 0.00000000
236.7500 0.00000000
236.8000 0.00000000
236.8500 0.00000000
236.9000 0.00000000
236.9500 0.00000000
237.0000 0.00000000
237.0500 0.00000000
237.1000 0.00000000
237.1500 0.00000000
237.2000 0.00000000
237.2500 0.00000000
237.3000 0.00000000
237.3500 0.00000000
237.4000 0.00000000
237.4500 0.00000000
237.5000 0.00000000
237.5500 0.00000000
237.6000 0.00000000
237.6500 0.00000000
237.7000 0.00000000
237.7500 0.00000000
237.8000 0.00000000
237.8500 0.00000000
237.9000 0.00000000
237.9500 0.00000000
238.0000 0.00000000
238.0500 0.00000000
238.1000 0.00000000
238.1500 0.00000000
238.2000 0.00000000
238.2500 0.00000000
238.3000 0.00000000
238.3500 0.00000000
238.4000 0.00000000
238.4500 0.00000000
238.5000 0.00000000
238.5500 0.00000000
238.6000 0.00000000
238.6500 0.00000000
238.7000 0.00000000
238.7500 0.00000000
238.8000 0.00000000
238.8500 0.00000000
238.9000 0.00000000
238.9500 0.00000000
239.0000 0.00000000
239.0500 0.00000000
239.1000 0.00000000
239.1500 0.00000000
239.2000 0.00000000
239.2500 0.00000000
239.3000 0.00000000
239.3500 0.00000000
239.4000 0.00000000
239.4500 0.00000000
239.5000 0.00000000
239.5500 0.00000000
239.6000 0.00000000
239.6500 0.00000000
239.7000 0.00000000
239.7500 0.00000000
239.8000 0.00000000
239.8500 0.00000000
239.9000 0.00000000
239.9500 0.00000000
240.0000 0.00000000
240.0500 0.00000000
240.1000 0.00000000
240.1500 0.00000000
240.2000 0.00000000
240.2500 0.00000000
240.3000 0.00000000
240.3500 0.00000000
240.4000 0.00000000
240.4500 0.00000000
240.5000 0.00000000
240.5500 0.00000000
240.6000 0.00000000
240.6500 0.00000000
240.7000 0.00000000
240.7500 0.00000000
240.8000 0.00000000
240.8500 0.00000000
240.9000 0.00000000
240.9500 0.00000000
241.0000 0.00000000
241.0500 0.00000000
241.1000 0.00000000
241.1500 0.00000000
241.2000 0.00000000
241.2500 0.00000000
241.3000 0.00000000
241.3500 0.00000000
241.4000 0.00000000
241.4500 0.00000000
241.5000 0.00000000
241.5500 0.00000000
241.6000 0.00000000
241.6500 0.00000000
241.7000 0.00000000
241.7500 0.00000000
241.8000 0.00000000
241.8500 0.00000000
241.9000 0.00000000
241.9500 0.00000000
242.0000 0.00000000
242.0500 0.00000000
242.1000 0.00000000
242.1500 0.00000000
242.2000 0.00000000
242.2500 0.00000000
242.3000 0.00000000
242.3500 0.00000000
242.4000 0.00000000
242.4500 0.00000000
242.5000 0.00000000
242.5500 0.00000000
242.6000 0.00000000
242.6500 0.00000000
242.7000 0.00000000
242.7500 0.00000000
242.8000 0.00000000
242.8500 0.00000000
242.9000 0.00000000
242.9500 0.00000000
243.0000 0.00000000
243.0500 0.00000000
243.1000 0.00000000
243.1500 0.00000000
243.2000 0.00000000
243.2500 0.00000000
243.3000 0.00000000
243.3500 0.00000000
243.4000 0.00000000
243.4500 0.00000000
243.5000 0.00000000
243.5500 0.00000000
243.6000 0.00000000
243.6500 0.00000000
243.7000 0.00000000
243.7500 0.00000000
243.8000 0.00000000
243.8500 0.00000000
243.9000 0.00000000
243.9500 0.00000000
244.0000 0.00000000
244.0500 0.00000000
244.1000 0.00000000
244.1500 0.00000000
244.2000 0.00000000
244.2500 0.00000000
244.3000 0.00000000
244.3500 0.00000000
244.4000 0.00000000
244.4500 0.00000000
244.5000 0.00000000
244.5500 0.00000000
244.6000 0.00000000
244.6500 0.00000000
244.7000 0.00000000
244.7500 0.00000000
244.8000 0.00000000
244.8500 0.00000000
244.9000 0.00000000
244.9500 0.00000000
245.0000 0.00000000
245.0500 0.00000000
245.1000 0.00000000
245.1500 0.00000000
245.2000 0.00000000
245.2500 0.00000000
245.3000 0.00000000
245.3500 0.00000000
245.4000 0.00000000
245.4500 0.00000000
245.5000 0.00000000
245.5500 0.00000000
245.6000 0.00000000
245.6500 0.00000000
245.7000 0.00000000
245.7500 0.00000000
245.8000 0.00000000
245.8500 0.00000000
245.9000 0.00000000
245.9500 0.00000000
246.0000 0.00000000
246.0500 0.00000000
246.1000 0.00000000
246.1500 0.00000000
246.2000 0.00000000
246.2500 0.00000000
246.3000 0.00000000
246.3500 0.00000000
246.4000 0.00000000
246.4500 0.00000000
246.5000 0.00000000
246.5500 0.00000000
246.6000 0.00000000
246.6500 0.00000000
246.7000 0.00000000
246.7500 0.00000000
246.8000 0.00000000
246.8500 0.00000000
246.9000 0.00000000
246.9500 0.00000000
247.0000 0.00000000
247.0500 0.00000000
247.1000 0.00000000
247.1500 0.00000000
247.2000 0.00000000
247.2500 0.00000000
247.3000 0.00000000
247.3500 0.00000000
247.4000 0.00000000
247.4500 0.00000000
247.5000 0.00000000
247.5500 0.00000000
247.6000 0.00000000
247.6500 0.00000000
247.7000 0.00000000
247.7500 0.00000000
247.8000 0.00000000
247.8500 0.00000000
247.9000 0.00000000
247.9500 0.00000000
248.0000 0.00000000
248.0500 0.00000000
248.1000 0.00000000
248.1500 0.00000000
248.2000 0.00000000
248.2500 0.00000000
248.3000 0.00000000
248.3500 0.00000000
248.4000 0.00000000
248.4500 0.00000000
248.5000 0.00000000
248.5500 0.00000000
248.6000 0.00000000
248.6500 0.00000000
248.7000 0.00000000
248.7500 0.00000000
248.8000 0.00000000
248.8500 0.00000000
248.9000 0.00000000
248.9500 0.00000000
249.0000 0.00000000
249.0500 0.00000000
249.1000 0.00000000
249.1500 0.00000000
249.2000 0.00000000
249.2500 0.00000000
249.3000 0.00000000
249.3500 0.00000000
249.4000 0.00000000
249.4500 0.00000000
249.5000 0.00000000
249.5500 0.00000000
249.6000 0.00000000
249.6500 0.00000000
249.7000 0.00000000
249.7500 0.00000000
249.8000 0.00000000
249.8500 0.00000000
249.9000 0.00000000
249.9500 0.00000000
250.0000 0.00000000
250.0500 0.00000000
250.1000 0.00000000
250.1500 0.00000000
250.2000 0.00000000
250.2500 0.00000000
250.3000 0.00000000
250.3500 0.00000000
250.4000 0.00000000
250.4500 0.00000000
250.5000 0.00000000
250.5500 0.00000000
250.6000 0.00000000
250.6500 0.00000000
250.7000 0.00000000
250.7500 0.00000000
250.8000 0.00000000
250.8500 0.00000000
250.9000 0.00000000
250.9500 0.00000000
251.0000 0.00000000
251.0500 0.00000000
251.1000 0.00000000
251.1500 0.00000000
251.2000 0.00000000
251.2500 0.00000000
251.3000 0.00000000
251.3500 0.00000000
251.4000 0.00000000
251.4500 0.00000000
251.5000 0.00000000
251.5500 0.00000000
251.6000 0.00000000
251.6500 0.00000000
251.7000 0.00000000
251.7500 0.00000000
251.8000 0.00000000
251.8500 0.00000000
251.9000 0.00000000
251.9500 0.00000000
252.0000 0.00000000
252.0500 0.00000000
252.1000 0.00000000
252.1500 0.00000000
252.2000 0.00000000
252.2500 0.00000000
252.3000 0.00000000
252.3500 0.00000000
252.4000 0.00000000
252.4500 0.00000000
252.5000 0.00000000
252.5500 0.00000000
252.6000 0.00000000
252.6500 0.00000000
252.7000 0.00000000
252.7500 0.00000000
252.8000 0.00000000
252.8500 0.00000000
252.9000 0.00000000
252.9500 0.00000000
253.0000 0.00000000
253.0500 0.00000000
253.1000 0.00000000
253.1500 0.00000000
253.2000 0.00000000
253.2500 0.00000000
253.3000 0.00000000
253.3500 0.00000000
253.4000 0.00000000
253.4500 0.00000000
253.5000 0.00000000
253.5500 0.00000000
253.6000 0.00000000
253.6500 0.00000000
253.7000 0.00000000
253.7500 0.00000000
253.8000 0.00000000
253.8500 0.00000000
253.9000 0.00000000
253.9500 0.00000000
254.0000 0.00000000
254.0500 0.00000000
254.1000 0.00000000
254.1500 0.00000000
254.2000 0.00000000
254.2500 0.00000000
254.3000 0.00000000
254.3500 0.00000000
254.4000 0.00000000
254.4500 0.00000000
254.5000 0.00000000
254.5500 0.00000000
254.6000 0.00000000
254.6500 0.00000000
254.7000 0.00000000
254.7500 0.00000000
254.8000 0.00000000
254.8500 0.00000000
254.9000 0.00000000
254.9500 0.00000000
255.0000 0.00000000
255.0500 0.00000000
255.1000 0.00000000
255.1500 0.00000000
255.2000 0.00000000
255.2500 0.00000000
255.3000 0.00000000
255.3500 0.00000000
255.4000 0.00000000
255.4500 0.00000000
255.5000 0.00000000
255.5500 0.00000000
255.6000 0.00000000
255.6500 0.00000000
255.7000 0.00000000
255.7500 0.00000000
255.8000 0.00000000
255.8500 0.00000000
255.9000 0.00000000
255.9500 0.00000000
256.0000 0.00000000
256.0500 0.00000000
256.1000 0.00000000
256.1500 0.00000000
256.2000 0.00000000
256.2500 0.00000000
256.3000 0.00000000
256.3500 0.00000000
256.4000 0.00000000
256.4500 0.00000000
256.5000 0.00000000
256.5500 0.00000000
256.6000 0.00000000
256.6500 0.00000000
256.7000 0.00000000
256.7500 0.00000000
256.8000 0.00000000
256.8500 0.00000000
256.9000 0.00000000
256.9500 0.00000000
257.0000 0.00000000
257.0500 0.00000000
257.1000 0.00000000
257.1500 0.00000000
257.2000 0.00000000
257.2500 0.00000000
257.3000 0.00000000
257.3500 0.00000000
257.4000 0.00000000
257.4500 0.00000000
257.5000 0.00000000
257.5500 0.00000000
257.6000 0.00000000
257.6500 0.00000000
257.7000 0.00000000
257.7500 0.00000000
257.8000 0.00000000
257.8500 0.00000000
257.9000 0.00000000
257.9500 0.00000000
258.0000 0.00000000
258.0500 0.00000000
258.1000 0.00000000
258.1500 0.00000000
258.2000 0.00000000
258.2500 0.00000000
258.3000 0.00000000
258.3500 0.00000000
258.4000 0.00000000
258.4500 0.00000000
258.5000 0.00000000
258.5500 0.00000000
258.6000 0.00000000
258.6500 0.00000000
258.7000 0.00000000
258.7500 0.00000000
258.8000 0.00000000
258.8500 0.00000000
258.9000 0.00000000
258.9500 0.00000000
259.0000 0.00000000
259.0500 0.00000000
259.1000 0.00000000
259.1500 0.00000000
259.2000 0.00000000
259.2500 0.00000000
259.3000 0.00000000
259.3500 0.00000000
259.4000 0.00000000
259.4500 0.00000000
259.5000 0.00000000
259.5500 0.00000000
259.6000 0.00000000
259.6500 0.00000000
259.7000 0.00000000
259.7500 0.00000000
259.8000 0.00000000
259.8500 0.00000000
259.9000 0.00000000
259.9500 0.00000000
260.0000 0.00000000
260.0500 0.00000000
260.1000 0.00000000
260.1500 0.00000000
260.2000 0.00000000
260.2500 0.00000000
260.3000 0.00000000
260.3500 0.00000000
260.4000 0.00000000
260.4500 0.00000000
260.5000 0.00000000
260.5500 0.00000000
260.6000 0.00000000
260.6500 0.00000000
260.7000 0.00000000
260.7500 0.00000000
260.8000 0.00000000
260.8500 0.00000000
260.9000 0.00000000
260.9500 0.00000000
261.0000 0.00000000
261.0500 0.00000000
261.1000 0.00000000
261.1500 0.00000000
261.2000 0.00000000
261.2500 0.00000000
261.3000 0.00000000
261.3500 0.00000000
261.4000 0.00000000
261.4500 0.00000000
261.5000 0.00000000
261.5500 0.00000000
261.6000 0.00000000
261.6500 0.00000000
261.7000 0.00000000
261.7500 0.00000000
261.8000 0.00000000
261.8500 0.00000000
261.9000 0.00000000
261.9500 0.00000000
262.0000 0.00000000
262.0500 0.00000000
262.1000 0.00000000
262.1500 0.00000000
262.2000 0.00000000
262.2500 0.00000000
262.3000 0.00000000
262.3500 0.00000000
262.4000 0.00000000
262.4500 0.00000000
262.5000 0.00000000
262.5500 0.00000000
262.6000 0.00000000
262.6500 0.00000000
262.7000 0.00000000
262.7500 0.00000000
262.8000 0.00000000
262.8500 0.00000000
262.9000 0.00000000
262.9500 0.00000000
263.0000 0.00000000
263.0500 0.00000000
263.1000 0.00000000
263.1500 0.00000000
263.2000 0.00000000
263.2500 0.00000000
263.3000 0.00000000
263.3500 0.00000000
263.4000 0.00000000
263.4500 0.00000000
263.5000 0.00000000
263.5500 0.00000000
263.6000 0.00000000
263.6500 0.00000000
263.7000 0.00000000
263.7500 0.00000000
263.8000 0.00000000
263.8500 0.00000000
263.9000 0.00000000
263.9500 0.00000000
264.0000 0.00000000
264.0500 0.00000000
264.1000 0.00000000
264.1500 0.00000000
264.2000 0.00000000
264.2500 0.00000000
264.3000 0.00000000
264.3500 0.00000000
264.4000 0.00000000
264.4500 0.00000000
264.5000 0.00000000
264.5500 0.00000000
264.6000 0.00000000
264.6500 0.00000000
264.7000 0.00000000
264.7500 0.00000000
264.8000 0.00000000
264.8500 0.00000000
264.9000 0.00000000
264.9500 0.00000000
265.0000 0.00000000
265.0500 0.00000000
265.1000 0.00000000
265.1500 0.00000000
265.2000 0.00000000
265.2500 0.00000000
265.3000 0.00000000
265.3500 0.00000000
265.4000 0.00000000
265.4500 0.00000000
265.5000 0.00000000
265.5500 0.00000000
265.6000 0.00000000
265.6500 0.00000000
265.7000 0.00000000
265.7500 0.00000000
265.8000 0.00000000
265.8500 0.00000000
265.9000 0.00000000
265.9500 0.00000000
266.0000 0.00000000
266.0500 0.00000000
266.1000 0.00000000
266.1500 0.00000000
266.2000 0.00000000
266.2500 0.00000000
266.3000 0.00000000
266.3500 0.00000000
266.4000 0.00000000
266.4500 0.00000000
266.5000 0.00000000
266.5500 0.00000000
266.6000 0.00000000
266.6500 0.00000000
266.7000 0.00000000
266.7500 0.00000000
266.8000 0.00000000
266.8500 0.00000000
266.9000 0.00000000
266.9500 0.00000000
267.0000 0.00000000
267.0500 0.00000000
267.1000 0.00000000
267.1500 0.00000000
267.2000 0.00000000
267.2500 0.00000000
267.3000 0.00000000
267.3500 0.00000000
267.4000 0.00000000
267.4500 0.00000000
267.5000 0.00000000
267.5500 0.00000000
267.6000 0.00000000
267.6500 0.00000000
267.7000 0.00000000
267.7500 0.00000000
267.8000 0.00000000
267.8500 0.00000000
267.9000 0.00000000
267.9500 0.00000000
268.0000 0.00000000
268.0500 0.00000000
268.1000 0.00000000
268.1500 0.00000000
268.2000 0.00000000
268.2500 0.00000000
268.3000 0.00000000
268.3500 0.00000000
268.4000 0.00000000
268.4500 0.00000000
268.5000 0.00000000
268.5500 0.00000000
268.6000 0.00000000
268.6500 0.00000000
268.7000 0.00000000
268.7500 0.00000000
268.8000 0.00000000
268.8500 0.00000000
268.9000 0.00000000
268.9500 0.00000000
269.0000 0.00000000
269.0500 0.00000000
269.1000 0.00000000
269.1500 0.00000000
269.2000 0.00000000
269.2500 0.00000000
269.3000 0.00000000
269.3500 0.00000000
269.4000 0.00000000
269.4500 0.00000000
269.5000 0.00000000
269.5500 0.00000000
269.6000 0.00000000
269.6500 0.00000000
269.7000 0.00000000
269.7500 0.00000000
269.8000 0.00000000
269.8500 0.00000000
269.9000 0.00000000
269.9500 0.00000000
270.0000 0.00000000
270.0500 0.00000000
270.1000 0.00000000
270.1500 0.00000000
270.2000 0.00000000
270.2500 0.00000000
270.3000 0.00000000
270.3500 0.00000000
270.4000 0.00000000
270.4500 0.00000000
270.5000 0.00000000
270.5500 0.00000000
270.6000 0.00000000
270.6500 0.00000000
270.7000 0.00000000
270.7500 0.00000000
270.8000 0.00000000
270.8500 0.00000000
270.9000 0.00000000
270.9500 0.00000000
271.0000 0.00000000
271.0500 0.00000000
271.1000 0.00000000
271.1500 0.00000000
271.2000 0.00000000
271.2500 0.00000000
271.3000 0.00000000
271.3500 0.00000000
271.4000 0.00000000
271.4500 0.00000000
271.5000 0.00000000
271.5500 0.00000000
271.6000 0.00000000
271.6500 0.00000000
271.7000 0.00000000
271.7500 0.00000000
271.8000 0.00000000
271.8500 0.00000000
271.9000 0.00000000
271.9500 0.00000000
272.0000 0.00000000
272.0500 0.00000000
272.1000 0.00000000
272.1500 0.00000000
272.2000 0.00000000
272.2500 0.00000000
272.3000 0.00000000
272.3500 0.00000000
272.4000 0.00000000
272.4500 0.00000000
272.5000 0.00000000
272.5500 0.00000000
272.6000 0.00000000
272.6500 0.00000000
272.7000 0.00000000
272.7500 0.00000000
272.8000 0.00000000
272.8500 0.00000000
272.9000 0.00000000
272.9500 0.00000000
273.0000 0.00000000
273.0500 0.00000000
273.1000 0.00000000
273.1500 0.00000000
273.2000 0.00000000
273.2500 0.00000000
273.3000 0.00000000
273.3500 0.00000000
273.4000 0.00000000
273.4500 0.00000000
273.5000 0.00000000
273.5500 0.00000000
273.6000 0.00000000
273.6500 0.00000000
273.7000 0.00000000
273.7500 0.00000000
273.8000 0.00000000
273.8500 0.00000000
273.9000 0.00000000
273.9500 0.00000000
274.0000 0.00000000
274.0500 0.00000000
274.1000 0.00000000
274.1500 0.00000000
274.2000 0.00000000
274.2500 0.00000000
274.3000 0.00000000
274.3500 0.00000000
274.4000 0.00000000
274.4500 0.00000000
274.5000 0.00000000
274.5500 0.00000000
274.6000 0.00000000
274.6500 0.00000000
274.7000 0.00000000
274.7500 0.00000000
274.8000 0.00000000
274.8500 0.00000000
274.9000 0.00000000
274.9500 0.00000000
275.0000 0.00000000
275.0500 0.00000000
275.1000 0.00000000
275.1500 0.00000000
275.2000 0.00000000
275.2500 0.00000000
275.3000 0.00000000
275.3500 0.00000000
275.4000 0.00000000
275.4500 0.00000000
275.5000 0.00000000
275.5500 0.00000000
275.6000 0.00000000
275.6500 0.00000000
275.7000 0.00000000
275.7500 0.00000000
275.8000 0.00000000
275.8500 0.00000000
275.9000 0.00000000
275.9500 0.00000000
276.0000 0.00000000
276.0500 0.00000000
276.1000 0.00000000
276.1500 0.00000000
276.2000 0.00000000
276.2500 0.00000000
276.3000 0.00000000
276.3500 0.00000000
276.4000 0.00000000
276.4500 0.00000000
276.5000 0.00000000
276.5500 0.00000000
276.6000 0.00000000
276.6500 0.00000000
276.7000 0.00000000
276.7500 0.00000000
276.8000 0.00000000
276.8500 0.00000000
276.9000 0.00000000
276.9500 0.00000000
277.0000 0.00000000
277.0500 0.00000000
277.1000 0.00000000
277.1500 0.00000000
277.2000 0.00000000
277.2500 0.00000000
277.3000 0.00000000
277.3500 0.00000000
277.4000 0.00000000
277.4500 0.00000000
277.5000 0.00000000
277.5500 0.00000000
277.6000 0.00000000
277.6500 0.00000000
277.7000 0.00000000
277.7500 0.00000000
277.8000 0.00000000
277.8500 0.00000000
277.9000 0.00000000
277.9500 0.00000000
278.0000 0.00000000
278.0500 0.00000000
278.1000 0.00000000
278.1500 0.00000000
278.2000 0.00000000
278.2500 0.00000000
278.3000 0.00000000
278.3500 0.00000000
278.4000 0.00000000
278.4500 0.00000000
278.5000 0.00000000
278.5500 0.00000000
278.6000 0.00000000
278.6500 0.00000000
278.7000 0.00000000
278.7500 0.00000000
278.8000 0.00000000
278.8500 0.00000000
278.9000 0.00000000
278.9500 0.00000000
279.0000 0.00000000
279.0500 0.00000000
279.1000 0.00000000
279.1500 0.00000000
279.2000 0.00000000
279.2500 0.00000000
279.3000 0.00000000
279.3500 0.00000000
279.4000 0.00000000
279.4500 0.00000000
279.5000 0.00000000
279.5500 0.00000000
279.6000 0.00000000
279.6500 0.00000000
279.7000 0.00000000
279.7500 0.00000000
279.8000 0.00000000
279.8500 0.00000000
279.9000 0.00000000
279.9500 0.00000000
280.0000 0.00000000
280.0500 0.00000000
280.1000 0.00000000
280.1500 0.00000000
280.2000 0.00000000
280.2500 0.00000000
280.3000 0.00000000
280.3500 0.00000000
280.4000 0.00000000
280.4500 0.00000000
280.5000 0.00000000
280.5500 0.00000000
280.6000 0.00000000
280.6500 0.00000000
280.7000 0.00000000
280.7500 0.00000000
280.8000 0.00000000
280.8500 0.00000000
280.9000 0.00000000
280.9500 0.00000000
281.0000 0.00000000
281.0500 0.00000000
281.1000 0.00000000
281.1500 0.00000000
281.2000 0.00000000
281.2500 0.00000000
281.3000 0.00000000
281.3500 0.00000000
281.4000 0.00000000
281.4500 0.00000000
281.5000 0.00000000
281.5500 0.00000000
281.6000 0.00000000
281.6500 0.00000000
281.7000 0.00000000
281.7500 0.00000000
281.8000 0.00000000
281.8500 0.00000000
281.9000 0.00000000
281.9500 0.00000000
282.0000 0.00000000
282.0500 0.00000000
282.1000 0.00000000
282.1500 0.00000000
282.2000 0.00000000
282.2500 0.00000000
282.3000 0.00000000
282.3500 0.00000000
282.4000 0.00000000
282.4500 0.00000000
282.5000 0.00000000
282.5500 0.00000000
282.6000 0.00000000
282.6500 0.00000000
282.7000 0.00000000
282.7500 0.00000000
282.8000 0.00000000
282.8500 0.00000000
282.9000 0.00000000
282.9500 0.00000000
283.0000 0.00000000
283.0500 0.00000000
283.1000 0.00000000
283.1500 0.00000000
283.2000 0.00000000
283.2500 0.00000000
283.3000 0.00000000
283.3500 0.00000000
283.4000 0.00000000
283.4500 0.00000000
283.5000 0.00000000
283.5500 0.00000000
283.6000 0.00000000
283.6500 0.00000000
283.7000 0.00000000
283.7500 0.00000000
283.8000 0.00000000
283.8500 0.00000000
283.9000 0.00000000
283.9500 0.00000000
284.0000 0.00000000
284.0500 0.00000000
284.1000 0.00000000
284.1500 0.00000000
284.2000 0.00000000
284.2500 0.00000000
284.3000 0.00000000
284.3500 0.00000000
284.4000 0.00000000
284.4500 0.00000000
284.5000 0.00000000
284.5500 0.00000000
284.6000 0.00000000
284.6500 0.00000000
284.7000 0.00000000
284.7500 0.00000000
284.8000 0.00000000
284.8500 0.00000000
284.9000 0.00000000
284.9500 0.00000000
285.0000 0.00000000
285.0500 0.00000000
285.1000 0.00000000
285.1500 0.00000000
285.2000 0.00000000
285.2500 0.00000000
285.3000 0.00000000
285.3500 0.00000000
285.4000 0.00000000
285.4500 0.00000000
285.5000 0.00000000
285.5500 0.00000000
285.6000 0.00000000
285.6500 0.00000000
285.7000 0.00000000
285.7500 0.00000000
285.8000 0.00000000
285.8500 0.00000000
285.9000 0.00000000
285.9500 0.00000000
286.0000 0.00000000
286.0500 0.00000000
286.1000 0.00000000
286.1500 0.00000000
286.2000 0.00000000
286.2500 0.00000000
286.3000 0.00000000
286.3500 0.00000000
286.4000 0.00000000
286.4500 0.00000000
286.5000 0.00000000
286.5500 0.00000000
286.6000 0.00000000
286.6500 0.00000000
286.7000 0.00000000
286.7500 0.00000000
286.8000 0.00000000
286.8500 0.00000000
286.9000 0.00000000
286.9500 0.00000000
287.0000 0.00000000
287.0500 0.00000000
287.1000 0.00000000
287.1500 0.00000000
287.2000 0.00000000
287.2500 0.00000000
287.3000 0.00000000
287.3500 0.00000000
287.4000 0.00000000
287.4500 0.00000000
287.5000 0.00000000
287.5500 0.00000000
287.6000 0.00000000
287.6500 0.00000000
287.7000 0.00000000
287.7500 0.00000000
287.8000 0.00000000
287.8500 0.00000000
287.9000 0.00000000
287.9500 0.00000000
288.0000 0.00000000
288.0500 0.00000000
288.1000 0.00000000
288.1500 0.00000000
288.2000 0.00000000
288.2500 0.00000000
288.3000 0.00000000
288.3500 0.00000000
288.4000 0.00000000
288.4500 0.00000000
288.5000 0.00000000
288.5500 0.00000000
288.6000 0.00000000
288.6500 0.00000000
288.7000 0.00000000
288.7500 0.00000000
288.8000 0.00000000
288.8500 0.00000000
288.9000 0.00000000
288.9500 0.00000000
289.0000 0.00000000
289.0500 0.00000000
289.1000 0.00000000
289.1500 0.00000000
289.2000 0.00000000
289.2500 0.00000000
289.3000 0.00000000
289.3500 0.00000000
289.4000 0.00000000
289.4500 0.00000000
289.5000 0.00000000
289.5500 0.00000000
289.6000 0.00000000
289.6500 0.00000000
289.7000 0.00000000
289.7500 0.00000000
289.8000 0.00000000
289.8500 0.00000000
289.9000 0.00000000
289.9500 0.00000000
290.0000 0.00000000
290.0500 0.00000000
290.1000 0.00000000
290.1500 0.00000000
290.2000 0.00000000
290.2500 0.00000000
290.3000 0.00000000
290.3500 0.00000000
290.4000 0.00000000
290.4500 0.00000000
290.5000 0.00000000
290.5500 0.00000000
290.6000 0.00000000
290.6500 0.00000000
290.7000 0.00000000
290.7500 0.00000000
290.8000 0.00000000
290.8500 0.00000000
290.9000 0.00000000
290.9500 0.00000000
291.0000 0.00000000
291.0500 0.00000000
291.1000 0.00000000
291.1500 0.00000000
291.2000 0.00000000
291.2500 0.00000000
291.3000 0.00000000
291.3500 0.00000000
291.4000 0.00000000
291.4500 0.00000000
291.5000 0.00000000
291.5500 0.00000000
291.6000 0.00000000
291.6500 0.00000000
291.7000 0.00000000
291.7500 0.00000000
291.8000 0.00000000
291.8500 0.00000000
291.9000 0.00000000
291.9500 0.00000000
292.0000 0.00000000
292.0500 0.00000000
292.1000 0.00000000
292.1500 0.00000000
292.2000 0.00000000
292.2500 0.00000000
292.3000 0.00000000
292.3500 0.00000000
292.4000 0.00000000
292.4500 0.00000000
292.5000 0.00000000
292.5500 0.00000000
292.6000 0.00000000
292.6500 0.00000000
292.7000 0.00000000
292.7500 0.00000000
292.8000 0.00000000
292.8500 0.00000000
292.9000 0.00000000
292.9500 0.00000000
293.0000 0.00000000
293.0500 0.00000000
293.1000 0.00000000
293.1500 0.00000000
293.2000 0.00000000
293.2500 0.00000000
293.3000 0.00000000
293.3500 0.00000000
293.4000 0.00000000
293.4500 0.00000000
293.5000 0.00000000
293.5500 0.00000000
293.6000 0.00000000
293.6500 0.00000000
293.7000 0.00000000
293.7500 0.00000000
293.8000 0.00000000
293.8500 0.00000000
293.9000 0.00000000
293.9500 0.00000000
294.0000 0.00000000
294.0500 0.00000000
294.1000 0.00000000
294.1500 0.00000000
294.2000 0.00000000
294.2500 0.00000000
294.3000 0.00000000
294.3500 0.00000000
294.4000 0.00000000
294.4500 0.00000000
294.5000 0.00000000
294.5500 0.00000000
294.6000 0.00000000
294.6500 0.00000000
294.7000 0.00000000
294.7500 0.00000000
294.8000 0.00000000
294.8500 0.00000000
294.9000 0.00000000
294.9500 0.00000000
295.0000 0.00000000
295.0500 0.00000000
295.1000 0.00000000
295.1500 0.00000000
295.2000 0.00000000
295.2500 0.00000000
295.3000 0.00000000
295.3500 0.00000000
295.4000 0.00000000
295.4500 0.00000000
295.5000 0.00000000
295.5500 0.00000000
295.6000 0.00000000
295.6500 0.00000000
295.7000 0.00000000
295.7500 0.00000000
295.8000 0.00000000
295.8500 0.00000000
295.9000 0.00000000
295.9500 0.00000000
296.0000 0.00000000
296.0500 0.00000000
296.1000 0.00000000
296.1500 0.00000000
296.2000 0.00000000
296.2500 0.00000000
296.3000 0.00000000
296.3500 0.00000000
296.4000 0.00000000
296.4500 0.00000000
296.5000 0.00000000
296.5500 0.00000000
296.6000 0.00000000
296.6500 0.00000000
296.7000 0.00000000
296.7500 0.00000000
296.8000 0.00000000
296.8500 0.00000000
296.9000 0.00000000
296.9500 0.00000000
297.0000 0.00000000
297.0500 0.00000000
297.1000 0.00000000
297.1500 0.00000000
297.2000 0.00000000
297.2500 0.00000000
297.3000 0.00000000
297.3500 0.00000000
297.4000 0.00000000
297.4500 0.00000000
297.5000 0.00000000
297.5500 0.00000000
297.6000 0.00000000
297.6500 0.00000000
297.7000 0.00000000
297.7500 0.00000000
297.8000 0.00000000
297.8500 0.00000000
297.9000 0.00000000
297.9500 0.00000000
298.0000 0.00000000
298.0500 0.00000000
298.1000 0.00000000
298.1500 0.00000000
298.2000 0.00000000
298.2500 0.00000000
298.3000 0.00000000
298.3500 0.00000000
298.4000 0.00000000
298.4500 0.00000000
298.5000 0.00000000
298.5500 0.00000000
298.6000 0.00000000
298.6500 0.00000000
298.7000 0.00000000
298.7500 0.00000000
298.8000 0.00000000
298.8500 0.00000000
298.9000 0.00000000
298.9500 0.00000000
299.0000 0.00000000
299.0500 0.00000000
299.1000 0.00000000
299.1500 0.00000000
299.2000 0.00000000
299.2500 0.00000000
299.3000 0.00000000
299.3500 0.00000000
299.4000 0.00000000
299.4500 0.00000000
299.5000 0.00000000
299.5500 0.00000000
299.6000 0.00000000
299.6500 0.00000000
299.7000 0.00000000
299.7500 0.00000000
299.8000 0.00000000
299.8500 0.00000000
299.9000 0.00000000
299.9500 0.00000000
