O1 -1.380996 -0.203244 -0.728885
H2 -0.665869 -0.138953 -1.415359
H3 -1.904529 0.607391 -0.916961
O4 -3.423809 -2.020042 1.880701
H5 -3.047828 -1.872224 0.999386
H6 -3.103083 -1.259516 2.416021
O7 -2.548857 1.856175 -2.059966
H8 -3.41425 1.927415 -1.598666
H9 -2.610239 1.235142 -2.812982
O10 1.627228 -4.933267 0.188126
H11 0.723188 -4.751127 -0.151623
H12 2.203829 -4.952588 -0.589313
O13 3.671827 -0.814685 1.177324
H14 3.109168 -1.627712 1.320737
H15 3.281676 -0.420834 0.380845
O16 -1.090992 -3.457939 2.494414
H17 -2.012347 -3.137328 2.472581
H18 -0.573204 -2.680846 2.750763
O19 -0.71607 -3.654647 -0.161069
H20 -0.824277 -3.619509 0.824207
H21 -1.618675 -3.539913 -0.511567
O22 2.324807 4.18192 -1.577904
H23 1.973979 4.529338 -0.733336
H24 1.715661 3.461759 -1.797513
O25 0.830022 -2.696465 -2.199191
H26 0.381503 -2.877281 -1.349377
H27 0.72813 -1.737172 -2.367811
O28 -0.060374 2.330259 0.182718
H29 -0.1835 2.503625 -0.762878
H30 0.464484 3.135799 0.488507
O31 -0.06773 -0.728046 1.545286
H32 0.62701 -0.077219 1.799719
H33 -0.500285 -0.418975 0.7046
O34 -0.194263 2.965235 -2.544587
H35 -1.162683 2.776472 -2.492833
H36 -0.105527 3.875922 -2.845674
O37 3.148112 3.136387 2.222281
H38 2.759526 2.328142 2.599003
H39 3.67776 2.833735 1.448106
O40 0.526506 -0.031757 -2.559959
H41 1.194194 0.439739 -2.001957
H42 0.124595 0.564769 -3.209361
O43 -4.419436 1.584286 -0.17535
H44 -4.44247 0.600866 -0.147341
H45 -3.772752 1.839675 0.51823
O46 1.955265 0.622377 2.733359
H47 2.694987 0.184238 2.254902
H48 1.780384 0.026633 3.490479
O49 2.02039 0.735732 -0.532708
H50 2.737706 1.430314 -0.440585
H51 1.244305 1.133428 -0.071868
O52 3.571697 -2.203638 -2.007563
H53 2.609301 -2.421585 -2.076161
H54 3.927956 -2.419095 -2.88086
O55 -2.001873 -0.044427 3.197215
H56 -1.786621 -0.076353 4.135429
H57 -1.19262 -0.373201 2.713688
O58 -5.152713 -1.081635 -0.041516
H59 -6.032946 -0.644853 0.003087
H60 -4.961358 -1.422618 0.848906
O61 1.80398 -2.691481 1.647334
H62 1.818011 -3.562209 1.170622
H63 1.047319 -2.183 1.28182
O64 -1.370931 4.88426 1.712197
H65 -1.470236 4.868172 0.745471
H66 -1.814198 4.060988 1.996543
O67 -1.819563 0.226839 -4.030308
H68 -1.761035 -0.75733 -3.870761
H69 -2.054813 0.308537 -4.961979
O70 -1.670531 -2.419451 -3.59866
H71 -2.264452 -2.59892 -2.846976
H72 -0.791635 -2.716056 -3.288195
O73 1.085378 -1.680615 4.090336
H74 1.44751 -2.226304 3.35245
H75 1.304623 -2.143195 4.90502
O76 4.049094 2.425379 -0.346701
H77 3.713816 3.151693 -0.923659
H78 4.60408 1.810078 -0.889188
O79 -2.947924 -2.347013 -1.090978
H80 -2.400168 -1.527948 -1.039694
H81 -3.876017 -2.052193 -1.020667
O82 -2.403959 2.155088 1.569799
H83 -1.546572 2.213933 1.078037
H84 -2.276206 1.463041 2.251521
O85 -N85 37818 0.829196 0.274663
H86 -7.624471 1.111048 -0.436767
H87 -6.262883 1.421583 0.221525
O88 1.287477 4.459504 0.98941
H89 2.002917 4.046612 1.563308
H90 0.586885 4.819471 1.57101
O91 5.792004 -1.799831 -0.296761
H92 5.078899 -2.216523 -0.812079
H93 5.275224 -1.446128 0.452552
O94 5.035418 0.370401 -1.742629
H95 5.588938 -0.26603 -1.232346
H96 4.259286 -0.183639 -1.946157
